osu file format v14

[General]
AudioFilename: audio.mp3
AudioLeadIn: 0
PreviewTime: 13738
Countdown: 0
SampleSet: Soft
StackLeniency: 0.7
Mode: 3
LetterboxInBreaks: 0
EpilepsyWarning: 1
SpecialStyle: 0
WidescreenStoryboard: 1

[Editor]
DistanceSpacing: 1
BeatDivisor: 4
GridSize: 4
TimelineZoom: 2.299999

[Metadata]
Title:NANO DEATH!!!!!
TitleUnicode:NANO DEATH!!!!!
Artist:LeaF
ArtistUnicode:LeaF
Creator:nowsmart
Version:Expert
Source:
Tags:lolicore hardcore speedcore - [ L e a h ] - ajeemaniz WolfyArmato- 電 breakcore exusagi Arzenvald Inazuma kancolle kantai collection
BeatmapID:1087088
BeatmapSetID:478161

[Difficulty]
HPDrainRate:8.5
CircleSize:4
OverallDifficulty:8.3
ApproachRate:5
SliderMultiplier:1.4
SliderTickRate:1

[Events]
//Background and Video events
0,0,"bg.png",0,0
//Break Periods
//Storyboard Layer 0 (Background)
//Storyboard Layer 1 (Fail)
//Storyboard Layer 2 (Pass)
//Storyboard Layer 3 (Foreground)
//Storyboard Sound Samples

[TimingPoints]
1386,352.941176470588,4,2,0,40,1,0
1386,-70.9219858156028,4,2,0,40,0,0
2797,-105.263157894737,4,2,0,40,0,0
2974,-49.7512437810945,4,2,0,40,0,0
3033,-70.9219858156028,4,2,0,40,0,0
3150,-105.263157894737,4,2,0,40,0,0
3327,-49.7512437810945,4,2,0,40,0,0
3385,-70.9219858156028,4,2,0,40,0,0
3503,-105.263157894737,4,2,0,40,0,0
3680,-49.7512437810945,4,2,0,40,0,0
3738,-70.9219858156028,4,2,0,40,0,0
3856,-105.263157894737,4,2,0,40,0,0
4033,-49.7512437810945,4,2,0,40,0,0
4091,-70.9219858156028,4,2,0,40,0,0
4209,-105.263157894737,4,2,0,40,0,0
4385,-49.7512437810945,4,2,0,40,0,0
4444,-70.9219858156028,4,2,0,40,0,0
4562,-105.263157894737,4,2,0,40,0,0
4738,-49.7512437810945,4,2,0,40,0,0
4797,-70.9219858156028,4,2,0,40,0,0
4915,-105.263157894737,4,2,0,40,0,0
5091,-49.7512437810945,4,2,0,40,0,0
5150,-70.9219858156028,4,2,0,40,0,0
5268,-105.263157894737,4,2,0,40,0,0
5444,-49.7512437810945,4,2,0,40,0,0
5503,-70.9219858156028,4,2,0,40,0,0
5621,-105.263157894737,4,2,0,40,0,0
5797,-49.7512437810945,4,2,0,40,0,0
5856,-70.9219858156028,4,2,0,40,0,0
5974,-105.263157894737,4,2,0,40,0,0
6150,-49.7512437810945,4,2,0,40,0,0
6209,-70.9219858156028,4,2,0,40,0,0
6327,-105.263157894737,4,2,0,40,0,0
6503,-49.7512437810945,4,2,0,40,0,0
6562,-70.9219858156028,4,2,0,40,0,0
6680,-105.263157894737,4,2,0,40,0,0
6856,-49.7512437810945,4,2,0,40,0,0
6915,-70.9219858156028,4,2,0,40,0,0
7033,-105.263157894737,4,2,0,40,0,0
7209,-49.7512437810945,4,2,0,40,0,0
7268,-70.9219858156028,4,2,0,40,0,0
7385,-105.263157894737,4,2,0,40,0,0
7562,-49.7512437810945,4,2,0,40,0,0
7621,-70.9219858156028,4,2,0,40,0,0
7738,-105.263157894737,4,2,0,40,0,0
7915,-49.7512437810945,4,2,0,40,0,0
7974,-70.9219858156028,4,2,0,40,0,0
8091,-105.263157894737,4,2,0,40,0,0
8268,-49.7512437810945,4,2,0,40,0,0
8327,-70.9219858156028,4,2,0,40,0,0
8444,-105.263157894737,4,2,0,40,0,0
8621,-49.7512437810945,4,2,0,40,0,0
8680,-70.9219858156028,4,2,0,40,0,0
8797,-105.263157894737,4,2,0,40,0,0
8974,-49.7512437810945,4,2,0,40,0,0
9033,-70.9219858156028,4,2,0,40,0,0
9150,-105.263157894737,4,2,0,40,0,0
9327,-49.7512437810945,4,2,0,40,0,0
9385,-70.9219858156028,4,2,0,40,0,0
9503,-105.263157894737,4,2,0,40,0,0
9680,-49.7512437810945,4,2,0,40,0,0
9738,-70.9219858156028,4,2,0,40,0,0
9856,-105.263157894737,4,2,0,40,0,0
10033,-49.7512437810945,4,2,0,40,0,0
10091,-70.9219858156028,4,2,0,40,0,0
10209,-105.263157894737,4,2,0,40,0,0
10385,-49.7512437810945,4,2,0,40,0,0
10444,-70.9219858156028,4,2,0,40,0,0
10562,-105.263157894737,4,2,0,40,0,0
10738,-49.7512437810945,4,2,0,40,0,0
10797,-70.9219858156028,4,2,0,40,0,0
10915,-105.263157894737,4,2,0,40,0,0
11091,-49.7512437810945,4,2,0,40,0,0
11150,-70.9219858156028,4,2,0,40,0,0
11268,-117.647058823529,4,2,0,40,0,0
11444,-101.010101010101,4,2,0,40,0,0
11621,-88.4955752212389,4,2,0,40,0,0
11709,-78.7401574803149,4,2,0,40,0,0
11797,-70.9219858156028,4,2,0,40,0,0
14091,-105.263157894737,4,2,0,40,0,0
14268,-49.7512437810945,4,2,0,40,0,0
14327,-70.9219858156028,4,2,0,40,0,0
14444,-105.263157894737,4,2,0,40,0,0
14621,-49.7512437810945,4,2,0,40,0,0
14680,-70.9219858156028,4,2,0,40,0,0
14797,-105.263157894737,4,2,0,40,0,0
14974,-49.7512437810945,4,2,0,40,0,0
15033,-70.9219858156028,4,2,0,40,0,0
15150,-105.263157894737,4,2,0,40,0,0
15327,-49.7512437810945,4,2,0,40,0,0
15385,-70.9219858156028,4,2,0,40,0,0
15503,-105.263157894737,4,2,0,40,0,0
15680,-49.7512437810945,4,2,0,40,0,0
15738,-70.9219858156028,4,2,0,40,0,0
15856,-105.263157894737,4,2,0,40,0,0
16033,-49.7512437810945,4,2,0,40,0,0
16091,-70.9219858156028,4,2,0,40,0,0
16209,-105.263157894737,4,2,0,40,0,0
16385,-49.7512437810945,4,2,0,40,0,0
16444,-70.9219858156028,4,2,0,40,0,0
16562,-105.263157894737,4,2,0,40,0,0
16738,-49.7512437810945,4,2,0,40,0,0
16797,-70.9219858156028,4,2,0,40,0,0
16915,-105.263157894737,4,2,0,40,0,0
17091,-49.7512437810945,4,2,0,40,0,0
17150,-70.9219858156028,4,2,0,40,0,0
17268,-105.263157894737,4,2,0,40,0,0
17444,-49.7512437810945,4,2,0,40,0,0
17503,-70.9219858156028,4,2,0,40,0,0
17621,-105.263157894737,4,2,0,40,0,0
17797,-49.7512437810945,4,2,0,40,0,0
17856,-70.9219858156028,4,2,0,40,0,0
17974,-105.263157894737,4,2,0,40,0,0
18150,-49.7512437810945,4,2,0,40,0,0
18209,-70.9219858156028,4,2,0,40,0,0
18327,-105.263157894737,4,2,0,40,0,0
18503,-49.7512437810945,4,2,0,40,0,0
18562,-70.9219858156028,4,2,0,40,0,0
18680,-105.263157894737,4,2,0,40,0,0
18856,-49.7512437810945,4,2,0,40,0,0
18915,-70.9219858156028,4,2,0,40,0,0
19033,-105.263157894737,4,2,0,40,0,0
19209,-49.7512437810945,4,2,0,40,0,0
19268,-70.9219858156028,4,2,0,40,0,0
19385,-105.263157894737,4,2,0,40,0,0
19562,-49.7512437810945,4,2,0,40,0,0
19621,-70.9219858156028,4,2,0,40,0,0
19738,-105.263157894737,4,2,0,40,0,0
19915,-49.7512437810945,4,2,0,40,0,0
19974,-70.9219858156028,4,2,0,40,0,0
20091,-105.263157894737,4,2,0,40,0,0
20268,-49.7512437810945,4,2,0,40,0,0
20327,-70.9219858156028,4,2,0,40,0,0
20444,-105.263157894737,4,2,0,40,0,0
20621,-49.7512437810945,4,2,0,40,0,0
20680,-70.9219858156028,4,2,0,40,0,0
20797,-105.263157894737,4,2,0,40,0,0
20974,-49.7512437810945,4,2,0,40,0,0
21033,-70.9219858156028,4,2,0,40,0,0
21150,-105.263157894737,4,2,0,40,0,0
21327,-49.7512437810945,4,2,0,40,0,0
21385,-70.9219858156028,4,2,0,40,0,0
21503,-105.263157894737,4,2,0,40,0,0
21680,-49.7512437810945,4,2,0,40,0,0
21738,-70.9219858156028,4,2,0,40,0,0
21856,-105.263157894737,4,2,0,40,0,0
22033,-49.7512437810945,4,2,0,40,0,0
22091,-70.9219858156028,4,2,0,40,0,0
22209,-105.263157894737,4,2,0,40,0,0
22385,-49.7512437810945,4,2,0,40,0,0
22444,-70.9219858156028,4,2,0,40,0,0
22562,-117.647058823529,4,2,0,40,0,0
22738,-101.010101010101,4,2,0,40,0,0
22915,-88.4955752212389,4,2,0,40,0,0
23003,-78.7401574803149,4,2,0,40,0,0
23091,-70.9219858156028,4,2,0,40,0,0
24915,-47.39336492891,4,2,0,40,0,0
24974,-142.857142857143,4,2,0,40,0,0
25033,-47.39336492891,4,2,0,40,0,0
25091,-142.857142857143,4,2,0,40,0,0
25150,-47.39336492891,4,2,0,40,0,0
25209,-142.857142857143,4,2,0,40,0,0
25268,-47.39336492891,4,2,0,40,0,0
25327,-142.857142857143,4,2,0,40,0,0
25385,273.972602739726,4,2,0,40,1,0
25385,-90.9090909090909,4,2,0,40,0,0
26069,-10,4,2,0,40,0,0
26206,-1000,4,2,0,40,0,0
26823,-200,4,2,0,40,0,0
26891,-125,4,2,0,40,0,0
26960,-500,4,2,0,40,0,0
27028,-200,4,2,0,40,0,0
27097,-125,4,2,0,40,0,0
27165,-200,4,2,0,40,0,0
27234,-500,4,2,0,40,0,0
27302,-125,4,2,0,40,0,0
27371,-100,4,2,0,40,0,0
27576,250,4,2,0,40,1,0
27826,250,4,2,0,40,1,0
35576,-33.3333333333333,4,2,0,40,0,0
35638,-200,4,2,0,40,0,0
35701,-100,4,2,0,40,0,0
38076,-33.3333333333333,4,2,0,40,0,0
38138,-200,4,2,0,40,0,0
38201,-100,4,2,0,40,0,0
38701,-133.333333333333,4,2,0,40,0,0
38888,-66.6666666666667,4,2,0,40,0,0
38951,-100,4,2,0,40,0,0
42701,-50,4,2,0,40,0,0
42763,-100,4,2,0,40,0,0
43576,-133.333333333333,4,2,0,40,0,0
43763,-66.6666666666667,4,2,0,40,0,0
43826,-100,4,2,0,40,0,0
47826,-200,4,2,0,40,0,0
47951,-100,4,2,0,40,0,0
48013,-66.6666666666667,4,2,0,40,0,0
48076,-200,4,2,0,40,0,0
48201,-100,4,2,0,40,0,0
48263,-66.6666666666667,4,2,0,40,0,0
48326,-200,4,2,0,40,0,0
48451,-100,4,2,0,40,0,0
48513,-66.6666666666667,4,2,0,40,0,0
48576,-100,4,2,0,40,0,0
48826,-200,4,2,0,40,0,0
48951,-100,4,2,0,40,0,0
49013,-66.6666666666667,4,2,0,40,0,0
49076,-200,4,2,0,40,0,0
49201,-100,4,2,0,40,0,0
49263,-66.6666666666667,4,2,0,40,0,0
49326,-200,4,2,0,40,0,0
49451,-100,4,2,0,40,0,0
49513,-66.6666666666667,4,2,0,40,0,0
49576,-100,4,2,0,40,0,0
49826,-200,4,2,0,40,0,0
49951,-100,4,2,0,40,0,0
50013,-66.6666666666667,4,2,0,40,0,0
50076,-200,4,2,0,40,0,0
50201,-100,4,2,0,40,0,0
50263,-66.6666666666667,4,2,0,40,0,0
50326,-100,4,2,0,40,0,0
50826,-200,4,2,0,40,0,0
50888,-100,4,2,0,40,0,0
50951,-66.6666666666667,4,2,0,40,0,0
50992,-100,4,2,0,40,0,0
51076,-200,4,2,0,40,0,0
51201,-100,4,2,0,40,0,0
51263,-66.6666666666667,4,2,0,40,0,0
51326,-100,4,2,0,40,0,0
51826,-200,4,2,0,40,0,0
51951,-100,4,2,0,40,0,0
52013,-66.6666666666667,4,2,0,40,0,0
52076,-100,4,2,0,40,0,0
52326,-200,4,2,0,40,0,0
52451,-100,4,2,0,40,0,0
52513,-66.6666666666667,4,2,0,40,0,0
52576,-100,4,2,0,40,0,0
52826,-200,4,2,0,40,0,0
52951,-100,4,2,0,40,0,0
53013,-66.6666666666667,4,2,0,40,0,0
53076,-100,4,2,0,40,0,0
53326,-200,4,2,0,40,0,0
53451,-100,4,2,0,40,0,0
53513,-66.6666666666667,4,2,0,40,0,0
53576,-100,4,2,0,40,0,0
53826,-66.6666666666667,4,2,0,40,0,0
53888,-100,4,2,0,40,0,0
53951,-200,4,2,0,40,0,0
54076,-66.6666666666667,4,2,0,40,0,0
54138,-100,4,2,0,40,0,0
54201,-200,4,2,0,40,0,0
54326,-66.6666666666667,4,2,0,40,0,0
54388,-100,4,2,0,40,0,0
54451,-200,4,2,0,40,0,0
54576,-100,4,2,0,40,0,0
54826,-200,4,2,0,40,0,0
54951,-100,4,2,0,40,0,0
55013,-66.6666666666667,4,2,0,40,0,0
55076,-200,4,2,0,40,0,0
55201,-100,4,2,0,40,0,0
55263,-66.6666666666667,4,2,0,40,0,0
55326,-100,4,2,0,40,0,0
59826,-83.3333333333333,4,2,0,40,0,0
59951,-133.333333333333,4,2,0,40,0,0
60076,-100,4,2,0,40,0,0
60826,-83.3333333333333,4,2,0,40,0,0
60951,-133.333333333333,4,2,0,40,0,0
61076,-100,4,2,0,40,0,0
61826,-83.3333333333333,4,2,0,40,0,0
61951,-133.333333333333,4,2,0,40,0,0
62076,-100,4,2,0,40,0,0
62576,-66.6666666666667,4,2,0,40,0,0
62638,-100,4,2,0,40,0,0
62701,-200,4,2,0,40,0,0
62763,-100,4,2,0,40,0,0
62826,-66.6666666666667,4,2,0,40,0,0
62888,-200,4,2,0,40,0,0
62951,-100,4,2,0,40,0,0
63076,-66.6666666666667,4,2,0,40,0,0
63138,-100,4,2,0,40,0,0
63201,-200,4,2,0,40,0,0
63263,-100,4,2,0,40,0,0
63826,-83.3333333333333,4,2,0,40,0,0
63951,-133.333333333333,4,2,0,40,0,0
64076,-100,4,2,0,40,0,0
64826,-83.3333333333333,4,2,0,40,0,0
64951,-133.333333333333,4,2,0,40,0,0
65076,-100,4,2,0,40,0,0
65826,-83.3333333333333,4,2,0,40,0,0
65951,-133.333333333333,4,2,0,40,0,0
66076,-100,4,2,0,40,0,0
66576,-66.6666666666667,4,2,0,40,0,0
66638,-100,4,2,0,40,0,0
66701,-200,4,2,0,40,0,0
66763,-100,4,2,0,40,0,0
66826,-200,4,2,0,40,0,0
66951,-100,4,2,0,40,0,0
67013,-66.6666666666667,4,2,0,40,0,0
67076,-200,4,2,0,40,0,0
67201,-100,4,2,0,40,0,0
67263,-66.6666666666667,4,2,0,40,0,0
67326,-200,4,2,0,40,0,0
67451,-100,4,2,0,40,0,0
67513,-66.6666666666667,4,2,0,40,0,0
67576,-100,4,2,0,40,0,0
70576,-66.6666666666667,4,2,0,40,0,0
70638,-100,4,2,0,40,0,0
70701,-200,4,2,0,40,0,0
70763,-100,4,2,0,40,0,0
70826,-66.6666666666667,4,2,0,40,0,0
70888,-200,4,2,0,40,0,0
70951,-100,4,2,0,40,0,0
71076,-66.6666666666667,4,2,0,40,0,0
71138,-100,4,2,0,40,0,0
71201,-200,4,2,0,40,0,0
71263,-100,4,2,0,40,0,0
75076,-66.6666666666667,4,2,0,40,0,0
75107,-200,4,2,0,40,0,0
75138,-66.6666666666667,4,2,0,40,0,0
75169,-200,4,2,0,40,0,0
75201,-66.6666666666667,4,2,0,40,0,0
75232,-200,4,2,0,40,0,0
75263,-66.6666666666667,4,2,0,40,0,0
75294,-200,4,2,0,40,0,0
75326,-100,4,2,0,40,0,0
75576,-66.6666666666667,4,2,0,40,0,0
75607,-200,4,2,0,40,0,0
75638,-66.6666666666667,4,2,0,40,0,0
75669,-200,4,2,0,40,0,0
75701,-66.6666666666667,4,2,0,40,0,0
75732,-200,4,2,0,40,0,0
75763,-66.6666666666667,4,2,0,40,0,0
75794,-200,4,2,0,40,0,0
75951,-100,4,2,0,40,0,0
76013,-66.6666666666667,4,2,0,40,0,0
76076,-200,4,2,0,40,0,0
76201,-100,4,2,0,40,0,0
76263,-66.6666666666667,4,2,0,40,0,0
76326,-200,4,2,0,40,0,0
76451,-100,4,2,0,40,0,0
76513,-66.6666666666667,4,2,0,40,0,0
76576,-100,4,2,0,40,0,0
76826,-200,4,2,0,40,0,0
76888,-100,4,2,0,40,0,0
76951,-66.6666666666667,4,2,0,40,0,0
76992,-100,4,2,0,40,0,0
77076,-200,4,2,0,40,0,0
77138,-100,4,2,0,40,0,0
77201,-66.6666666666667,4,2,0,40,0,0
77242,-100,4,2,0,40,0,0
77326,-66.6666666666667,4,2,0,40,0,0
77388,-100,4,2,0,40,0,0
77451,-200,4,2,0,40,0,0
77576,-100,4,2,0,40,0,0
77826,-200,4,2,0,40,0,0
77951,-100,4,2,0,40,0,0
78013,-66.6666666666667,4,2,0,40,0,0
78076,-100,4,2,0,40,0,0
78701,-33.3333333333333,4,2,0,40,0,0
78763,-200,4,2,0,40,0,0
78826,-100,4,2,0,40,0,0
80076,-200,4,2,0,40,0,0
80201,-100,4,2,0,40,0,0
80263,-66.6666666666667,4,2,0,40,0,0
80326,-200,4,2,0,40,0,0
80451,-100,4,2,0,40,0,0
80513,-66.6666666666667,4,2,0,40,0,0
80576,-100,4,2,0,40,0,0
80826,-200,4,2,0,40,0,0
80888,-100,4,2,0,40,0,0
80951,-66.6666666666667,4,2,0,40,0,0
80992,-100,4,2,0,40,0,0
81076,-200,4,2,0,40,0,0
81138,-100,4,2,0,40,0,0
81201,-66.6666666666667,4,2,0,40,0,0
81242,-100,4,2,0,40,0,0
81326,-200,4,2,0,40,0,0
81451,-100,4,2,0,40,0,0
81513,-66.6666666666667,4,2,0,40,0,0
81576,-100,4,2,0,40,0,0
81826,-133.333333333333,4,2,0,40,0,0
81951,-66.6666666666667,4,2,0,40,0,0
81992,-100,4,2,0,40,0,0
82076,-133.333333333333,4,2,0,40,0,0
82201,-66.6666666666667,4,2,0,40,0,0
82242,-100,4,2,0,40,0,0
82326,-133.333333333333,4,2,0,40,0,0
82451,-66.6666666666667,4,2,0,40,0,0
82492,-100,4,2,0,40,0,0
82576,-133.333333333333,4,2,0,40,0,0
82701,-66.6666666666667,4,2,0,40,0,0
82742,-100,4,2,0,40,0,0
82826,-133.333333333333,4,2,0,40,0,0
82951,-66.6666666666667,4,2,0,40,0,0
82992,-100,4,2,0,40,0,0
83076,-133.333333333333,4,2,0,40,0,0
83201,-66.6666666666667,4,2,0,40,0,0
83242,-100,4,2,0,40,0,0
83326,-200,4,2,0,40,0,0
83388,-66.6666666666667,4,2,0,40,0,0
83451,-100,4,2,0,40,0,0
83576,-200,4,2,0,40,0,0
83638,-66.6666666666667,4,2,0,40,0,0
83701,-100,4,2,0,40,0,0
95076,-66.6666666666667,4,2,0,40,0,0
95107,-200,4,2,0,40,0,0
95138,-66.6666666666667,4,2,0,40,0,0
95169,-200,4,2,0,40,0,0
95201,-66.6666666666667,4,2,0,40,0,0
95232,-200,4,2,0,40,0,0
95263,-66.6666666666667,4,2,0,40,0,0
95294,-200,4,2,0,40,0,0
95326,-100,4,2,0,40,0,0
95576,-66.6666666666667,4,2,0,40,0,0
95607,-200,4,2,0,40,0,0
95638,-66.6666666666667,4,2,0,40,0,0
95669,-200,4,2,0,40,0,0
95701,-66.6666666666667,4,2,0,40,0,0
95732,-200,4,2,0,40,0,0
95763,-66.6666666666667,4,2,0,40,0,0
95794,-200,4,2,0,40,0,0
95826,-100,4,2,0,40,0,0
98576,-66.6666666666667,4,2,0,40,0,0
98607,-200,4,2,0,40,0,0
98638,-66.6666666666667,4,2,0,40,0,0
98669,-200,4,2,0,40,0,0
98701,-66.6666666666667,4,2,0,40,0,0
98732,-200,4,2,0,40,0,0
98763,-66.6666666666667,4,2,0,40,0,0
98794,-200,4,2,0,40,0,0
98826,-100,4,2,0,40,0,0
102576,-66.6666666666667,4,2,0,40,0,0
102607,-200,4,2,0,40,0,0
102638,-66.6666666666667,4,2,0,40,0,0
102669,-200,4,2,0,40,0,0
102701,-66.6666666666667,4,2,0,40,0,0
102732,-200,4,2,0,40,0,0
102763,-66.6666666666667,4,2,0,40,0,0
102794,-200,4,2,0,40,0,0
102826,-100,4,2,0,40,0,0
103826,-66.6666666666667,4,2,0,40,0,0
103888,-100,4,2,0,40,0,0
103951,-200,4,2,0,40,0,0
104013,-100,4,2,0,40,0,0
104076,-66.6666666666667,4,2,0,40,0,0
104138,-100,4,2,0,40,0,0
104201,-200,4,2,0,40,0,0
104263,-100,4,2,0,40,0,0
104326,-66.6666666666667,4,2,0,40,0,0
104388,-100,4,2,0,40,0,0
104451,-200,4,2,0,40,0,0
104513,-100,4,2,0,40,0,0
104576,-66.6666666666667,4,2,0,40,0,0
104638,-100,4,2,0,40,0,0
104701,-200,4,2,0,40,0,0
104763,-100,4,2,0,40,0,0
104826,-66.6666666666667,4,2,0,40,0,0
104888,-100,4,2,0,40,0,0
104951,-200,4,2,0,40,0,0
105013,-100,4,2,0,40,0,0
105076,-66.6666666666667,4,2,0,40,0,0
105138,-100,4,2,0,40,0,0
105201,-200,4,2,0,40,0,0
105263,-100,4,2,0,40,0,0
105326,-66.6666666666667,4,2,0,40,0,0
105388,-100,4,2,0,40,0,0
105451,-200,4,2,0,40,0,0
105513,-100,4,2,0,40,0,0
105576,-66.6666666666667,4,2,0,40,0,0
105638,-100,4,2,0,40,0,0
105701,-200,4,2,0,40,0,0
105763,-100,4,2,0,40,0,0
105888,-66.6666666666667,4,2,0,40,0,0
105919,-200,4,2,0,40,0,0
105951,-100,4,2,0,40,0,0
106013,-66.6666666666667,4,2,0,40,0,0
106044,-200,4,2,0,40,0,0
106076,-100,4,2,0,40,0,0
106138,-66.6666666666667,4,2,0,40,0,0
106169,-200,4,2,0,40,0,0
106201,-100,4,2,0,40,0,0
106263,-66.6666666666667,4,2,0,40,0,0
106294,-200,4,2,0,40,0,0
106326,-100,4,2,0,40,0,0
106388,-66.6666666666667,4,2,0,40,0,0
106419,-200,4,2,0,40,0,0
106451,-100,4,2,0,40,0,0
106513,-66.6666666666667,4,2,0,40,0,0
106544,-200,4,2,0,40,0,0
106576,-100,4,2,0,40,0,0
106638,-66.6666666666667,4,2,0,40,0,0
106669,-200,4,2,0,40,0,0
106701,-100,4,2,0,40,0,0
106763,-500,4,2,0,40,0,0
106826,-333.333333333333,4,2,0,40,0,0
106888,-250,4,2,0,40,0,0
106951,-200,4,2,0,40,0,0
107013,-166.666666666667,4,2,0,40,0,0
107076,-142.857142857143,4,2,0,40,0,0
107326,-100,4,2,0,40,0,0
107826,-100,4,2,0,40,0,1
121507,352.941176470588,4,2,0,40,1,0
121507,-70.9219858156028,4,2,0,40,0,0
122212,352.941176470588,4,2,0,40,1,0
122212,-70.9219858156028,4,2,0,40,0,0
122388,-49.7512437810945,4,2,0,40,0,0
122447,-70.9219858156028,4,2,0,40,0,0
122564,-105.263157894737,4,2,0,40,0,0
122741,-49.7512437810945,4,2,0,40,0,0
122800,-70.9219858156028,4,2,0,40,0,0
122917,-105.263157894737,4,2,0,40,0,0
123094,-49.7512437810945,4,2,0,40,0,0
123153,-70.9219858156028,4,2,0,40,0,0
123270,-105.263157894737,4,2,0,40,0,0
123447,-49.7512437810945,4,2,0,40,0,0
123506,-70.9219858156028,4,2,0,40,0,0
123623,-105.263157894737,4,2,0,40,0,0
123800,-49.7512437810945,4,2,0,40,0,0
123859,-70.9219858156028,4,2,0,40,0,0
123976,-105.263157894737,4,2,0,40,0,0
124153,-49.7512437810945,4,2,0,40,0,0
124212,-70.9219858156028,4,2,0,40,0,0
124329,-105.263157894737,4,2,0,40,0,0
124506,-49.7512437810945,4,2,0,40,0,0
124564,-70.9219858156028,4,2,0,40,0,0
124682,-105.263157894737,4,2,0,40,0,0
124859,-49.7512437810945,4,2,0,40,0,0
124917,-70.9219858156028,4,2,0,40,0,0
125035,-105.263157894737,4,2,0,40,0,0
125212,-49.7512437810945,4,2,0,40,0,0
125270,-70.9219858156028,4,2,0,40,0,0
125388,-105.263157894737,4,2,0,40,0,0
125564,-49.7512437810945,4,2,0,40,0,0
125623,-70.9219858156028,4,2,0,40,0,0
125741,-105.263157894737,4,2,0,40,0,0
125917,-49.7512437810945,4,2,0,40,0,0
125976,-70.9219858156028,4,2,0,40,0,0
126094,-105.263157894737,4,2,0,40,0,0
126270,-49.7512437810945,4,2,0,40,0,0
126329,-70.9219858156028,4,2,0,40,0,0
126447,-105.263157894737,4,2,0,40,0,0
126623,-49.7512437810945,4,2,0,40,0,0
126682,-70.9219858156028,4,2,0,40,0,0
126800,-105.263157894737,4,2,0,40,0,0
126976,-49.7512437810945,4,2,0,40,0,0
127035,-70.9219858156028,4,2,0,40,0,0
127153,-105.263157894737,4,2,0,40,0,0
127329,-49.7512437810945,4,2,0,40,0,0
127388,-70.9219858156028,4,2,0,40,0,0
127506,-105.263157894737,4,2,0,40,0,0
127682,-49.7512437810945,4,2,0,40,0,0
127741,-70.9219858156028,4,2,0,40,0,0
127859,-105.263157894737,4,2,0,40,0,0
128035,-49.7512437810945,4,2,0,40,0,0
128094,-70.9219858156028,4,2,0,40,0,0
128212,-105.263157894737,4,2,0,40,0,0
128388,-49.7512437810945,4,2,0,40,0,0
128447,-70.9219858156028,4,2,0,40,0,0
128564,-105.263157894737,4,2,0,40,0,0
128741,-49.7512437810945,4,2,0,40,0,0
128800,-70.9219858156028,4,2,0,40,0,0
128917,387.096774193548,4,2,0,40,1,0
128917,-107.52688172043,4,2,0,40,0,0
129104,-42.9184549356223,4,2,0,40,0,0
129169,-64.5161290322581,4,2,0,40,0,0
129304,400,4,2,0,40,1,0
129304,-104.166666666667,4,2,0,40,0,0
129504,-41.6666666666667,4,2,0,40,0,0
129570,-62.5,4,2,0,40,0,0
129704,-104.166666666667,4,2,0,40,0,0
129904,-41.6666666666667,4,2,0,40,0,0
129970,-62.5,4,2,0,40,0,0
130104,-104.166666666667,4,2,0,40,0,0
130304,-41.6666666666667,4,2,0,40,0,0
130370,-62.5,4,2,0,40,0,0
130504,-104.166666666667,4,2,0,40,0,0
130704,-41.6666666666667,4,2,0,40,0,0
130770,-62.5,4,2,0,40,0,0
130904,-78.125,4,2,0,40,0,0
131746,461.538461538462,4,2,0,40,1,0
131746,-77.5193798449612,4,2,0,40,0,0
134053,500,4,2,0,40,1,0
134053,-71.4285714285714,4,2,0,40,0,0
134553,480,4,2,0,40,1,0
134553,-74.6268656716418,4,2,0,40,0,0
135393,363.636363636364,4,2,0,40,1,0
135393,-98.0392156862745,4,2,0,40,0,0
135574,333.333333333333,4,2,0,40,1,0
135574,-107.52688172043,4,2,0,40,0,0
135897,419.58041958042,4,2,0,40,1,0
135897,-85.4700854700855,4,2,0,40,0,0
136955,419.58041958042,4,2,0,40,1,0
136955,-85.4700854700855,4,2,0,40,0,0
137575,487.80487804878,4,2,0,40,1,0
137575,-333.333333333333,4,2,0,40,0,0
138144,-142.857142857143,4,2,0,40,0,0
138225,-83.3333333333333,4,2,0,40,0,0
138306,-58.8235294117647,4,2,0,40,0,0
138388,-45.4545454545455,4,2,0,40,0,0
138469,-37.037037037037,4,2,0,40,0,0
138550,-51.2820512820513,4,2,0,40,0,0


[HitObjects]
64,192,1386,5,0,0:0:0:30:LR_Hat Normal.wav
64,192,1738,1,0,0:0:0:30:LR_Hat Normal.wav
64,192,2091,1,0,0:0:0:30:LR_Hat Normal.wav
320,192,2327,1,0,0:0:0:30:C#5S_Db5S_s.wav
192,192,2444,1,0,0:0:0:30:LR_Hat Normal.wav
448,192,2444,1,0,0:0:0:30:D#5S_Eb5S_s.wav
64,192,2680,1,0,0:0:0:30:F5S_s.wav
448,192,2797,1,0,0:0:0:50:C#4S_Db4S_s.wav
64,192,3033,1,0,0:0:0:30:LR_Snare Hit.wav
192,192,3033,1,0,0:0:0:50:F#4S_Gb4S_s.wav
448,192,3150,1,0,0:0:0:50:F#3S_Gb3S_s.wav
448,192,3385,1,0,0:0:0:30:LR_Snare Hit.wav
192,192,3385,1,0,0:0:0:50:F#4S_Gb4S_s.wav
64,192,3503,1,0,0:0:0:50:A#3S_Bb3S_s.wav
64,192,3738,1,0,0:0:0:30:LR_Snare Hit.wav
320,192,3738,1,0,0:0:0:50:F#4S_Gb4S_s.wav
320,192,3856,1,0,0:0:0:50:F#3S_Gb3S_s.wav
448,192,4091,1,0,0:0:0:50:A#3S_Bb3S_s.wav
320,192,4091,1,0,0:0:0:30:LR_Snare Hit.wav
192,192,4209,1,0,0:0:0:50:C#4S_Db4S_s.wav
192,192,4444,1,0,0:0:0:30:LR_Snare Hit.wav
64,192,4444,1,0,0:0:0:50:A#3S_Bb3S_s.wav
320,192,4562,1,0,0:0:0:50:F#3S_Gb3S_s.wav
320,192,4797,1,0,0:0:0:30:LR_Snare Hit.wav
64,192,4797,1,0,0:0:0:50:F#4S_Gb4S_s.wav
448,192,4915,1,0,0:0:0:100:LR_Kick Normal .wav
192,192,5150,1,0,0:0:0:50:A#3S_Bb3S_s.wav
448,192,5150,1,0,0:0:0:30:LR_Snare Hit.wav
64,192,5268,1,0,0:0:0:50:G#3S_Ab3S_s.wav
64,192,5503,1,0,0:0:0:30:LR_Snare Hit.wav
192,192,5503,1,0,0:0:0:50:F#4S_Gb4S_s.wav
448,192,5621,1,0,0:0:0:50:C#4S_Db4S_s.wav
448,192,5856,1,0,0:0:0:30:LR_Snare Hit.wav
320,192,5856,1,0,0:0:0:50:F#4S_Gb4S_s.wav
64,192,5974,1,0,0:0:0:50:F#3S_Gb3S_s.wav
64,192,6209,1,0,0:0:0:30:LR_Snare Hit.wav
320,192,6209,1,0,0:0:0:50:F#4S_Gb4S_s.wav
448,192,6327,1,0,0:0:0:50:A#3S_Bb3S_s.wav
448,192,6562,1,0,0:0:0:30:LR_Snare Hit.wav
192,192,6562,1,0,0:0:0:50:F#4S_Gb4S_s.wav
192,192,6680,1,0,0:0:0:50:F#3S_Gb3S_s.wav
320,192,6915,1,0,0:0:0:50:A#3S_Bb3S_s.wav
192,192,6915,1,0,0:0:0:30:LR_Snare Hit.wav
64,192,7033,1,0,0:0:0:50:C#4S_Db4S_s.wav
64,192,7268,1,0,0:0:0:30:LR_Snare Hit.wav
448,192,7268,1,0,0:0:0:50:A#3S_Bb3S_s.wav
320,192,7385,1,0,0:0:0:50:F#3S_Gb3S_s.wav
320,192,7621,1,0,0:0:0:30:LR_Snare Hit.wav
64,192,7621,1,0,0:0:0:50:F#4S_Gb4S_s.wav
192,192,7738,1,0,0:0:0:100:LR_Kick Normal .wav
192,192,7974,1,0,0:0:0:50:A#3S_Bb3S_s.wav
64,192,7974,1,0,0:0:0:30:LR_Snare Hit.wav
64,192,8091,1,0,0:0:0:50:LR_Snare Hit.wav
320,192,8091,1,0,0:0:0:50:G#3S_Ab3S_s.wav
448,192,8091,1,0,0:0:0:30:F5S_s.wav
448,192,8327,1,0,0:0:0:30:LR_Snare Hit.wav
320,192,8327,1,0,0:0:0:50:A#3S_Bb3S_s.wav
192,192,8444,1,0,0:0:0:50:D#3S_Eb3S_s.wav
192,192,8680,1,0,0:0:0:30:LR_Snare Hit.wav
448,192,8680,1,0,0:0:0:50:B4S_s.wav
64,192,8797,1,0,0:0:0:50:G#3S_Ab3S_s.wav
448,192,9033,1,0,0:0:0:50:B4S_s.wav
64,192,9033,1,0,0:0:0:30:LR_Snare Hit.wav
320,192,9150,1,0,0:0:0:50:B3S_s.wav
192,192,9385,1,0,0:0:0:50:B4S_s.wav
320,192,9385,1,0,0:0:0:30:LR_Snare Hit.wav
448,192,9503,1,0,0:0:0:50:G#3S_Ab3S_s.wav
448,192,9738,1,0,0:0:0:30:LR_Snare Hit.wav
64,192,9738,1,0,0:0:0:50:B4S_s.wav
192,192,9856,1,0,0:0:0:50:D#3S_Eb3S_s.wav
192,192,10091,1,0,0:0:0:30:LR_Snare Hit.wav
448,192,10091,1,0,0:0:0:50:G#3S_Ab3S_s.wav
320,192,10209,1,0,0:0:0:50:B4S_s.wav
64,192,10444,1,0,0:0:0:50:B3S_s.wav
448,192,10444,1,0,0:0:0:50:B4S_s.wav
320,192,10444,1,0,0:0:0:30:LR_Snare Hit.wav
192,192,10562,1,0,0:0:0:100:LR_Kick Normal .wav
192,192,10797,1,0,0:0:0:25:LR_Snare Hit.wav
320,192,10797,1,0,0:0:0:25:LR_Snare Hit.wav
64,192,10915,1,0,0:0:0:50:G#3S_Ab3S_s.wav
448,192,10915,1,0,0:0:0:50:B4S_s.wav
320,192,10915,1,0,0:0:0:50:LR_Snare Hit.wav
320,192,11150,1,0,0:0:0:25:LR_Snare Hit.wav
192,192,11150,1,0,0:0:0:25:LR_Snare Hit.wav
448,192,11268,1,0,0:0:0:50:A#3S_Bb3S_s.wav
64,192,11268,1,0,0:0:0:30:cymbol.wav
192,192,11268,1,0,0:0:0:100:LR_Kick Normal .wav
192,192,11974,1,0,0:0:0:50:B3S_s.wav
448,192,11974,1,0,0:0:0:30:cymbol.wav
320,192,11974,1,0,0:0:0:100:LR_Kick Normal .wav
448,192,12327,1,0,0:0:0:30:D#6S_Eb6S_s.wav
64,192,12503,1,0,0:0:0:50:C#4S_Db4S_s.wav
192,192,12503,1,0,0:0:0:100:LR_Kick Normal .wav
320,192,12503,1,0,0:0:0:30:cymbol.wav
64,192,13010,1,0,0:0:0:30:LR_Snare Hit.wav
320,192,13033,1,0,0:0:0:50:G#4S_Ab4S_s.wav
448,192,13033,1,0,0:0:0:30:LR_Snare Hit.wav
448,192,13385,1,0,0:0:0:50:LR_Tom Hit 3.wav
64,192,13444,1,0,0:0:0:50:LR_Tom Hit 3.wav
320,192,13621,1,0,0:0:0:50:LR_Tom Hit 3.wav
192,192,13621,1,0,0:0:0:30:C#5S_Db5S_s.wav
64,192,13738,1,0,0:0:0:30:D#5S_Eb5S_s.wav
448,192,13738,1,0,0:0:0:50:LR_Tom Hit 3.wav
320,192,13797,1,0,0:0:0:50:LR_Tom Hit 3.wav
192,192,13856,1,0,0:0:0:50:LR_Tom Hit 3.wav
64,192,13974,1,0,0:0:0:50:LR_Tom Hit 3.wav
320,192,13974,1,0,0:0:0:30:F5S_s.wav
448,192,14091,1,0,0:0:0:50:C#4S_Db4S_s.wav
64,192,14327,1,0,0:0:0:30:LR_Snare Hit.wav
192,192,14327,1,0,0:0:0:50:F#4S_Gb4S_s.wav
448,192,14444,1,0,0:0:0:50:F#3S_Gb3S_s.wav
448,192,14680,1,0,0:0:0:30:LR_Snare Hit.wav
192,192,14680,1,0,0:0:0:50:F#4S_Gb4S_s.wav
64,192,14797,1,0,0:0:0:50:A#3S_Bb3S_s.wav
320,192,15033,1,0,0:0:0:30:LR_Snare Hit.wav
64,192,15033,1,0,0:0:0:50:F#4S_Gb4S_s.wav
320,192,15150,1,0,0:0:0:50:F#3S_Gb3S_s.wav
320,192,15385,1,0,0:0:0:30:LR_Snare Hit.wav
448,192,15385,1,0,0:0:0:50:A#3S_Bb3S_s.wav
192,192,15503,1,0,0:0:0:50:C#4S_Db4S_s.wav
192,192,15738,1,0,0:0:0:30:LR_Snare Hit.wav
64,192,15738,1,0,0:0:0:50:A#3S_Bb3S_s.wav
320,192,15856,1,0,0:0:0:50:F#3S_Gb3S_s.wav
64,192,16091,1,0,0:0:0:50:F#4S_Gb4S_s.wav
320,192,16091,1,0,0:0:0:30:LR_Snare Hit.wav
448,192,16209,1,0,0:0:0:100:LR_Kick Normal .wav
192,192,16444,1,0,0:0:0:50:A#3S_Bb3S_s.wav
448,192,16444,1,0,0:0:0:30:LR_Snare Hit.wav
64,192,16562,1,0,0:0:0:50:G#3S_Ab3S_s.wav
64,192,16797,1,0,0:0:0:30:LR_Snare Hit.wav
192,192,16797,1,0,0:0:0:50:F#4S_Gb4S_s.wav
448,192,16915,1,0,0:0:0:50:C#4S_Db4S_s.wav
320,192,17150,1,0,0:0:0:50:F#4S_Gb4S_s.wav
448,192,17150,1,0,0:0:0:30:LR_Snare Hit.wav
64,192,17268,1,0,0:0:0:50:F#3S_Gb3S_s.wav
64,192,17503,1,0,0:0:0:30:LR_Snare Hit.wav
320,192,17503,1,0,0:0:0:50:F#4S_Gb4S_s.wav
448,192,17621,1,0,0:0:0:50:A#3S_Bb3S_s.wav
192,192,17856,1,0,0:0:0:50:F#4S_Gb4S_s.wav
448,192,17856,1,0,0:0:0:30:LR_Snare Hit.wav
192,192,17974,1,0,0:0:0:50:F#3S_Gb3S_s.wav
192,192,18209,1,0,0:0:0:30:LR_Snare Hit.wav
320,192,18209,1,0,0:0:0:50:A#3S_Bb3S_s.wav
64,192,18327,1,0,0:0:0:50:C#4S_Db4S_s.wav
448,192,18562,1,0,0:0:0:50:A#3S_Bb3S_s.wav
64,192,18562,1,0,0:0:0:30:LR_Snare Hit.wav
320,192,18680,1,0,0:0:0:50:F#3S_Gb3S_s.wav
64,192,18915,1,0,0:0:0:30:LR_Snare Hit.wav
320,192,18915,1,0,0:0:0:50:F#4S_Gb4S_s.wav
192,192,19033,1,0,0:0:0:100:LR_Kick Normal .wav
64,192,19268,1,0,0:0:0:30:LR_Snare Hit.wav
192,192,19268,1,0,0:0:0:50:A#3S_Bb3S_s.wav
448,192,19385,1,0,0:0:0:30:F5S_s.wav
64,192,19385,1,0,0:0:0:50:LR_Snare Hit.wav
320,192,19385,1,0,0:0:0:50:G#3S_Ab3S_s.wav
320,192,19621,1,0,0:0:0:50:A#3S_Bb3S_s.wav
448,192,19621,1,0,0:0:0:30:LR_Snare Hit.wav
192,192,19738,1,0,0:0:0:50:D#3S_Eb3S_s.wav
448,192,19974,1,0,0:0:0:50:B4S_s.wav
192,192,19974,1,0,0:0:0:30:LR_Snare Hit.wav
64,192,20091,1,0,0:0:0:50:G#3S_Ab3S_s.wav
448,192,20327,1,0,0:0:0:50:B4S_s.wav
64,192,20327,1,0,0:0:0:30:LR_Snare Hit.wav
320,192,20444,1,0,0:0:0:50:B3S_s.wav
320,192,20680,1,0,0:0:0:30:LR_Snare Hit.wav
192,192,20680,1,0,0:0:0:50:B4S_s.wav
448,192,20797,1,0,0:0:0:50:G#3S_Ab3S_s.wav
64,192,21033,1,0,0:0:0:50:B4S_s.wav
448,192,21033,1,0,0:0:0:30:LR_Snare Hit.wav
192,192,21150,1,0,0:0:0:50:D#3S_Eb3S_s.wav
448,192,21385,1,0,0:0:0:50:G#3S_Ab3S_s.wav
192,192,21385,1,0,0:0:0:30:LR_Snare Hit.wav
320,192,21503,1,0,0:0:0:50:B4S_s.wav
320,192,21738,1,0,0:0:0:30:LR_Snare Hit.wav
448,192,21738,1,0,0:0:0:50:B4S_s.wav
64,192,21738,1,0,0:0:0:50:B3S_s.wav
192,192,21856,1,0,0:0:0:100:LR_Kick Normal .wav
320,192,22091,1,0,0:0:0:25:LR_Snare Hit.wav
192,192,22091,1,0,0:0:0:25:LR_Snare Hit.wav
448,192,22209,1,0,0:0:0:50:B4S_s.wav
64,192,22209,1,0,0:0:0:50:G#3S_Ab3S_s.wav
320,192,22209,1,0,0:0:0:50:LR_Snare Hit.wav
320,192,22444,1,0,0:0:0:25:LR_Snare Hit.wav
192,192,22444,1,0,0:0:0:25:LR_Snare Hit.wav
64,192,22562,1,0,0:0:0:50:A#3S_Bb3S_s.wav
448,192,22562,1,0,0:0:0:30:cymbol.wav
192,192,22562,1,0,0:0:0:100:LR_Kick Normal .wav
448,192,23268,1,0,0:0:0:30:cymbol.wav
320,192,23268,1,0,0:0:0:100:LR_Kick Normal .wav
192,192,23268,1,0,0:0:0:50:B3S_s.wav
448,192,23621,1,0,0:0:0:30:D#6S_Eb6S_s.wav
320,192,23797,1,0,0:0:0:30:cymbol.wav
64,192,23797,1,0,0:0:0:50:C#4S_Db4S_s.wav
192,192,23797,1,0,0:0:0:100:LR_Kick Normal .wav
192,192,24327,1,0,0:0:0:30:LR_Snare Hit.wav
320,192,24327,1,0,0:0:0:50:G#4S_Ab4S_s.wav
448,192,24680,1,0,0:0:0:50:LR_Tom Hit 3.wav
64,192,24738,1,0,0:0:0:50:LR_Tom Hit 3.wav
448,192,24915,1,0,0:0:0:15:LR_Snare Hit.wav
320,192,24915,1,0,0:0:0:15:LR_Snare Hit.wav
448,192,25033,1,0,0:0:0:15:LR_Snare Hit.wav
320,192,25033,1,0,0:0:0:15:LR_Snare Hit.wav
64,192,25150,1,0,0:0:0:15:LR_Snare Hit.wav
192,192,25150,1,0,0:0:0:15:LR_Snare Hit.wav
64,192,25268,1,0,0:0:0:15:LR_Snare Hit.wav
192,192,25268,1,0,0:0:0:15:LR_Snare Hit.wav
64,192,25385,128,0,26069:0:0:0:0:
448,192,25385,128,0,26069:0:0:0:0:
192,192,27576,5,0,0:0:0:70:LR3_Snare WRH.wav
64,192,27576,1,0,0:0:0:0:
320,192,27638,1,0,0:0:0:70:LR3_Snare WRH.wav
448,192,27638,1,0,0:0:0:0:
192,192,27701,1,0,0:0:0:70:LR3_Snare WRH.wav
64,192,27701,1,0,0:0:0:0:
320,192,27763,1,0,0:0:0:70:LR3_Snare WRH.wav
64,192,27826,1,0,0:0:0:70:LR_Kick Hard Fast.wav
448,192,27826,1,0,0:0:0:30:cymbol.wav
192,192,27826,1,0,0:0:0:70:LR3_Snare WRH.wav
320,192,27951,1,0,0:0:0:0:
448,192,28076,1,0,0:0:0:70:LR3_Snare WRH.wav
192,192,28076,1,0,0:0:0:0:
64,192,28076,1,0,0:0:0:70:LR_Kick Hard Fast.wav
192,192,28201,1,0,0:0:0:0:
320,192,28326,1,0,0:0:0:0:
64,192,28326,1,0,0:0:0:70:LR_Kick Hard Fast.wav
448,192,28326,1,0,0:0:0:70:LR3_Snare WRH.wav
192,192,28451,1,0,0:0:0:0:
320,192,28513,1,0,0:0:0:0:
192,192,28576,1,0,0:0:0:0:
448,192,28576,1,0,0:0:0:70:LR3_Snare WRH.wav
64,192,28576,1,0,0:0:0:70:LR_Kick Hard Fast.wav
320,192,28701,1,0,0:0:0:0:
64,192,28826,1,0,0:0:0:70:LR_Kick Hard Fast.wav
192,192,28826,1,0,0:0:0:0:
448,192,28826,1,0,0:0:0:70:LR3_Snare WRH.wav
192,192,28951,1,0,0:0:0:0:
64,192,29076,1,0,0:0:0:70:LR_Kick Hard Fast.wav
320,192,29076,1,0,0:0:0:0:
448,192,29076,1,0,0:0:0:70:LR3_Snare WRH.wav
320,192,29201,1,0,0:0:0:0:
64,192,29326,1,0,0:0:0:70:LR_Kick Hard Fast.wav
192,192,29326,1,0,0:0:0:0:
448,192,29326,1,0,0:0:0:70:LR3_Snare WRH.wav
192,192,29451,1,0,0:0:0:0:
64,192,29576,1,0,0:0:0:0:
320,192,29576,1,0,0:0:0:70:LR3_Snare WRH.wav
448,192,29576,1,0,0:0:0:70:LR_Kick Hard Fast.wav
320,192,29701,1,0,0:0:0:70:LR3_Snare WRH.wav
448,192,29701,1,0,0:0:0:70:LR_Kick Hard Fast.wav
192,192,29826,1,0,0:0:0:0:
64,192,29826,1,0,0:0:0:70:LR3_Snare WRH.wav
448,192,29826,1,0,0:0:0:70:LR_Kick Hard Fast.wav
320,192,29951,1,0,0:0:0:0:
64,192,30076,1,0,0:0:0:70:LR3_Snare WRH.wav
192,192,30076,1,0,0:0:0:0:
448,192,30076,1,0,0:0:0:70:LR_Kick Hard Fast.wav
192,192,30201,1,0,0:0:0:0:
64,192,30326,1,0,0:0:0:70:LR3_Snare WRH.wav
320,192,30326,1,0,0:0:0:0:
448,192,30326,1,0,0:0:0:70:LR_Kick Hard Fast.wav
192,192,30451,1,0,0:0:0:0:
320,192,30513,1,0,0:0:0:0:
64,192,30576,1,0,0:0:0:70:LR3_Snare WRH.wav
448,192,30576,1,0,0:0:0:70:LR_Kick Hard Fast.wav
192,192,30576,1,0,0:0:0:0:
320,192,30701,1,0,0:0:0:0:
192,192,30826,128,0,30951:0:0:0:0:
320,192,30951,128,0,31076:0:0:0:0:
448,192,31076,128,0,31201:0:0:0:0:
64,192,31201,128,0,31326:0:0:0:0:
320,192,31326,1,0,0:0:0:0:
448,192,31326,1,0,0:0:0:0:
192,192,31388,1,0,0:0:0:0:
64,192,31388,1,0,0:0:0:0:
448,192,31451,128,0,31576:0:0:0:0:
320,192,31451,128,0,31576:0:0:0:0:
64,192,31576,1,0,0:0:0:0:
192,192,31576,1,0,0:0:0:0:
192,192,31701,1,0,0:0:0:70:LR_Kick Hard Fast.wav
320,192,31701,1,0,0:0:0:0:
64,192,31826,1,0,0:0:0:70:LR_Kick Hard Fast.wav
448,192,31826,1,0,0:0:0:70:LR3_Snare WRH.wav
320,192,31826,1,0,0:0:0:30:cymbol.wav
192,192,31951,1,0,0:0:0:0:
64,192,32076,1,0,0:0:0:70:LR_Kick Hard Fast.wav
448,192,32076,1,0,0:0:0:70:LR3_Snare WRH.wav
320,192,32076,1,0,0:0:0:0:
320,192,32201,1,0,0:0:0:0:
64,192,32326,1,0,0:0:0:70:LR_Kick Hard Fast.wav
448,192,32326,1,0,0:0:0:70:LR3_Snare WRH.wav
192,192,32326,1,0,0:0:0:0:
320,192,32451,1,0,0:0:0:0:
192,192,32513,1,0,0:0:0:0:
448,192,32576,1,0,0:0:0:70:LR3_Snare WRH.wav
64,192,32576,1,0,0:0:0:70:LR_Kick Hard Fast.wav
320,192,32576,1,0,0:0:0:0:
192,192,32701,1,0,0:0:0:0:
64,192,32826,1,0,0:0:0:70:LR_Kick Hard Fast.wav
448,192,32826,1,0,0:0:0:70:LR3_Snare WRH.wav
320,192,32826,1,0,0:0:0:0:
320,192,32951,1,0,0:0:0:0:
64,192,33076,1,0,0:0:0:70:LR_Kick Hard Fast.wav
448,192,33076,1,0,0:0:0:70:LR3_Snare WRH.wav
192,192,33076,1,0,0:0:0:0:
192,192,33201,1,0,0:0:0:0:
64,192,33326,1,0,0:0:0:70:LR_Kick Hard Fast.wav
320,192,33326,1,0,0:0:0:0:
448,192,33326,1,0,0:0:0:70:LR3_Snare WRH.wav
320,192,33451,1,0,0:0:0:0:
192,192,33576,1,0,0:0:0:70:LR3_Snare WRH.wav
64,192,33576,1,0,0:0:0:70:LR_Kick Hard Fast.wav
448,192,33576,1,0,0:0:0:0:
64,192,33701,1,0,0:0:0:70:LR_Kick Hard Fast.wav
448,192,33701,1,0,0:0:0:70:LR3_Snare WRH.wav
192,192,33826,1,0,0:0:0:0:
320,192,33888,1,0,0:0:0:0:
64,192,33951,128,0,34076:0:0:0:0:
448,192,33951,128,0,34076:0:0:0:0:
192,192,34076,1,0,0:0:0:0:
320,192,34138,1,0,0:0:0:0:
192,192,34201,128,0,34326:0:0:0:0:
64,192,34201,128,0,34326:0:0:0:0:
320,192,34326,1,0,0:0:0:70:LR_Kick Hard Fast.wav
448,192,34326,1,0,0:0:0:0:
64,192,34451,1,0,0:0:0:70:LR_Kick Hard Fast.wav
192,192,34513,1,0,0:0:0:0:
448,192,34576,1,0,0:0:0:0:
320,192,34576,1,0,0:0:0:70:LR_Kick Hard Fast.wav
448,192,34701,1,0,0:0:0:0:
320,192,34701,1,0,0:0:0:70:LR_Kick Hard Fast.wav
192,192,34763,1,0,0:0:0:70:LR_Kick Hard Fast.wav
64,192,34763,1,0,0:0:0:0:
320,192,34826,1,0,0:0:0:70:LR_Kick Hard Fast.wav
448,192,34826,1,0,0:0:0:0:
192,192,34951,1,0,0:0:0:70:LR_Kick Hard Fast.wav
64,192,34951,1,0,0:0:0:0:
320,192,35013,1,0,0:0:0:0:
64,192,35076,1,0,0:0:0:0:
448,192,35076,1,0,0:0:0:70:LR_Kick Hard Fast.wav
320,192,35201,1,0,0:0:0:0:
192,192,35201,1,0,0:0:0:70:LR_Kick Hard Fast.wav
448,192,35326,1,0,0:0:0:70:LR_Kick Hard Fast.wav
64,192,35326,1,0,0:0:0:0:
192,192,35451,1,0,0:0:0:70:LR_Kick Hard Fast.wav
320,192,35451,1,0,0:0:0:0:
64,192,35576,1,0,0:0:0:70:LR3_Snare WRH.wav
320,192,35576,1,0,0:0:0:0:
448,192,35576,1,0,0:0:0:70:LR_Kick Hard Fast.wav
64,192,35826,1,0,0:0:0:70:LR3_Snare WRH.wav
448,192,35826,1,0,0:0:0:70:LR_Kick Hard Fast.wav
192,192,35826,1,0,0:0:0:0:
320,192,36076,128,0,36201:0:0:0:0:
192,192,36076,128,0,36201:0:0:0:0:
64,192,36201,1,0,0:0:0:0:
448,192,36201,1,0,0:0:0:70:LR_Kick Hard Fast.wav
320,192,36326,1,0,0:0:0:70:LR_Kick Hard Fast.wav
192,192,36326,1,0,0:0:0:0:
448,192,36451,1,0,0:0:0:0:
320,192,36513,1,0,0:0:0:0:
192,192,36576,1,0,0:0:0:70:LR_Kick Hard Fast.wav
64,192,36576,1,0,0:0:0:70:LR3_Snare WRH.wav
320,192,36701,128,0,36826:0:0:0:0:
448,192,36701,128,0,36826:0:0:0:0:
192,192,36826,1,0,0:0:0:70:LR_Kick Hard Fast.wav
64,192,36826,1,0,0:0:0:0:
320,192,36951,1,0,0:0:0:70:LR_Kick Hard Fast.wav
192,192,37013,1,0,0:0:0:70:LR_Kick Hard Fast.wav
64,192,37076,1,0,0:0:0:70:LR3_Snare WRH.wav
320,192,37076,1,0,0:0:0:70:LR_Kick Hard Fast.wav
448,192,37076,1,0,0:0:0:0:
192,192,37326,1,0,0:0:0:70:LR_Kick Hard Fast.wav
64,192,37326,1,0,0:0:0:70:LR3_Snare WRH.wav
448,192,37326,1,0,0:0:0:30:cymbol.wav
448,192,37576,1,0,0:0:0:0:
320,192,37576,1,0,0:0:0:70:LR_Kick Hard Fast.wav
192,192,37576,1,0,0:0:0:70:LR3_Snare WRH.wav
320,192,37826,1,0,0:0:0:70:LR_Kick Hard Fast.wav
192,192,37826,1,0,0:0:0:0:
64,192,37826,1,0,0:0:0:30:cymbol.wav
448,192,37951,1,0,0:0:0:70:LR_Kick Hard Fast.wav
320,192,38013,1,0,0:0:0:70:LR_Kick Hard Fast.wav
192,192,38076,1,0,0:0:0:70:LR_Kick Hard Fast.wav
64,192,38076,1,0,0:0:0:0:
448,192,38326,1,0,0:0:0:70:LR3_Snare WRH.wav
320,192,38326,1,0,0:0:0:0:
64,192,38326,1,0,0:0:0:70:LR_Kick Hard Fast.wav
192,192,38451,1,0,0:0:0:0:
320,192,38513,1,0,0:0:0:0:
448,192,38576,1,0,0:0:0:0:
64,192,38576,1,0,0:0:0:70:LR_Kick Hard Fast.wav
192,192,38701,128,0,38951:0:0:0:0:
64,192,38701,128,0,38951:0:0:0:0:
320,192,38951,1,0,0:0:0:70:LR_Kick Hard Fast.wav
448,192,38951,1,0,0:0:0:70:LR3_Snare WRH.wav
320,192,39076,1,0,0:0:0:70:LR3_Snare WRH.wav
192,192,39076,1,0,0:0:0:70:LR_Kick Hard Fast.wav
192,192,39201,1,0,0:0:0:70:LR3_Snare WRH.wav
64,192,39201,1,0,0:0:0:70:LR_Kick Hard Fast.wav
64,192,39326,1,0,0:0:0:70:LR_Kick Hard Fast.wav
320,192,39326,1,0,0:0:0:0:
448,192,39326,1,0,0:0:0:70:LR3_Snare WRH.wav
192,192,39451,1,0,0:0:0:0:
64,192,39513,1,0,0:0:0:0:
448,192,39576,128,0,39638:0:0:0:0:
320,192,39576,128,0,39638:0:0:0:0:
192,192,39701,128,0,39763:0:0:0:0:
64,192,39701,128,0,39763:0:0:0:0:
64,192,39826,1,0,0:0:0:30:cymbol.wav
320,192,39826,1,0,0:0:0:70:LR3_Snare WRH.wav
448,192,39826,1,0,0:0:0:70:LR_Kick Hard Fast.wav
192,192,39951,1,0,0:0:0:0:
64,192,40076,1,0,0:0:0:0:
320,192,40076,1,0,0:0:0:70:LR3_Snare WRH.wav
448,192,40076,1,0,0:0:0:70:LR_Kick Hard Fast.wav
192,192,40201,1,0,0:0:0:0:
64,192,40326,1,0,0:0:0:0:
320,192,40326,1,0,0:0:0:70:LR3_Snare WRH.wav
448,192,40326,1,0,0:0:0:70:LR_Kick Hard Fast.wav
192,192,40451,1,0,0:0:0:0:
64,192,40576,1,0,0:0:0:0:
320,192,40576,1,0,0:0:0:70:LR3_Snare WRH.wav
448,192,40576,1,0,0:0:0:70:LR_Kick Hard Fast.wav
192,192,40701,1,0,0:0:0:70:LR3_Snare WRH.wav
64,192,40701,1,0,0:0:0:0:
448,192,40701,1,0,0:0:0:70:LR_Kick Hard Fast.wav
192,192,40951,1,0,0:0:0:70:LR3_Snare WRH.wav
448,192,40951,1,0,0:0:0:70:LR_Kick Hard Fast.wav
64,192,41076,1,0,0:0:0:70:LR3_Snare WRH.wav
320,192,41076,1,0,0:0:0:70:LR_Kick Hard Fast.wav
192,192,41201,1,0,0:0:0:70:LR3_Snare WRH.wav
448,192,41201,1,0,0:0:0:70:LR_Kick Hard Fast.wav
320,192,41326,1,0,0:0:0:70:LR_Kick Hard Fast.wav
64,192,41326,1,0,0:0:0:70:LR3_Snare WRH.wav
192,192,41451,1,0,0:0:0:70:LR3_Snare WRH.wav
448,192,41451,1,0,0:0:0:70:LR_Kick Hard Fast.wav
320,192,41576,1,0,0:0:0:70:LR_Kick Hard Fast.wav
64,192,41576,1,0,0:0:0:70:LR3_Snare WRH.wav
192,192,41701,1,0,0:0:0:70:LR_Kick Hard Fast.wav
320,192,41763,1,0,0:0:0:70:LR_Kick Hard Fast.wav
448,192,41826,1,0,0:0:0:70:LR_Kick Hard Fast.wav
64,192,41826,1,0,0:0:0:0:
320,192,41951,1,0,0:0:0:70:LR_Kick Hard Fast.wav
448,192,41951,1,0,0:0:0:0:
192,192,42076,1,0,0:0:0:70:LR_Kick Hard Fast.wav
64,192,42076,1,0,0:0:0:0:
192,192,42201,1,0,0:0:0:70:LR_Kick Hard Fast.wav
64,192,42201,1,0,0:0:0:0:
320,192,42326,1,0,0:0:0:70:LR_Kick Hard Fast.wav
448,192,42326,1,0,0:0:0:0:
192,192,42451,1,0,0:0:0:70:LR_Kick Hard Fast.wav
320,192,42513,1,0,0:0:0:70:LR_Kick Hard Fast.wav
448,192,42576,1,0,0:0:0:70:LR_Kick Hard Fast.wav
64,192,42576,1,0,0:0:0:0:
320,192,42701,1,0,0:0:0:0:
192,192,42701,1,0,0:0:0:70:LR3_Snare WRH.wav
64,192,42701,1,0,0:0:0:70:LR_Kick Hard Fast.wav
192,192,42951,1,0,0:0:0:0:
320,192,43013,1,0,0:0:0:0:
64,192,43076,1,0,0:0:0:0:
448,192,43076,1,0,0:0:0:70:LR_Kick Hard Fast.wav
192,192,43138,1,0,0:0:0:0:
320,192,43201,1,0,0:0:0:0:
448,192,43263,1,0,0:0:0:0:
192,192,43326,1,0,0:0:0:70:LR3_Snare WRH.wav
64,192,43326,1,0,0:0:0:70:LR_Kick Hard Fast.wav
320,192,43388,1,0,0:0:0:0:
448,192,43451,1,0,0:0:0:0:
64,192,43513,1,0,0:0:0:0:
192,192,43576,128,0,43826:0:0:0:0:
448,192,43826,128,0,44013:0:0:0:0:
320,192,43826,1,0,0:0:0:30:cymbol.wav
64,192,44055,128,0,44263:0:0:0:0:
448,192,44305,128,0,44513:0:0:0:0:
64,192,44555,128,0,44638:0:0:0:0:
448,192,44680,128,0,45013:0:0:0:0:
64,192,44805,1,0,0:0:0:100:LR_Kick Normal .wav
192,192,44930,1,0,0:0:0:100:LR_Kick Normal .wav
448,192,45055,128,0,45513:0:0:0:0:
320,192,45055,1,0,0:0:0:100:LR_Kick Normal .wav
192,192,45201,1,0,0:0:0:0:
64,192,45263,1,0,0:0:0:100:LR_Kick Normal .wav
320,192,45326,1,0,0:0:0:100:LR_Kick Normal .wav
192,192,45576,1,0,0:0:0:100:LR_Kick Normal .wav
64,192,45576,1,0,0:0:0:0:
192,192,45701,1,0,0:0:0:100:LR_Kick Normal .wav
64,192,45701,1,0,0:0:0:0:
320,192,45826,1,0,0:0:0:100:LR_Kick Normal .wav
320,192,45951,1,0,0:0:0:100:LR_Kick Normal .wav
64,192,46076,1,0,0:0:0:100:LR_Kick Normal .wav
448,192,46076,1,0,0:0:0:0:
192,192,46201,1,0,0:0:0:100:LR_Kick Normal .wav
320,192,46263,1,0,0:0:0:100:LR_Kick Normal .wav
64,192,46326,1,0,0:0:0:0:
448,192,46326,1,0,0:0:0:100:LR_Kick Normal .wav
320,192,46451,1,0,0:0:0:0:
192,192,46451,1,0,0:0:0:100:LR_Kick Normal .wav
320,192,46701,1,0,0:0:0:0:
448,192,46701,1,0,0:0:0:100:LR_Kick Normal .wav
448,192,46826,1,0,0:0:0:100:LR_Kick Normal .wav
320,192,46826,1,0,0:0:0:0:
64,192,46951,1,0,0:0:0:100:LR_Kick Normal .wav
192,192,47013,1,0,0:0:0:100:LR_Kick Normal .wav
320,192,47076,1,0,0:0:0:100:LR_Kick Normal .wav
448,192,47076,1,0,0:0:0:0:
192,192,47201,1,0,0:0:0:100:LR_Kick Normal .wav
64,192,47263,1,0,0:0:0:100:LR_Kick Normal .wav
320,192,47326,1,0,0:0:0:100:LR_Kick Normal .wav
448,192,47326,1,0,0:0:0:0:
64,192,47451,1,0,0:0:0:100:LR_Kick Normal .wav
192,192,47513,1,0,0:0:0:100:LR_Kick Normal .wav
320,192,47576,128,0,47638:0:0:0:0:
448,192,47576,128,0,47638:0:0:0:0:
448,192,47701,128,0,47763:0:0:0:0:
320,192,47701,128,0,47763:0:0:0:0:
448,192,47826,1,0,0:0:0:0:
192,192,47826,1,0,0:0:0:70:LR_Kick Hard Fast.wav
64,192,47826,1,0,0:0:0:70:LR3_Snare WRH.wav
320,192,48076,1,0,0:0:0:0:
192,192,48076,1,0,0:0:0:70:LR_Kick Hard Fast.wav
64,192,48076,1,0,0:0:0:70:LR3_Snare WRH.wav
448,192,48326,1,0,0:0:0:70:LR3_Snare WRH.wav
320,192,48326,1,0,0:0:0:0:
192,192,48326,1,0,0:0:0:70:LR_Kick Hard Fast.wav
64,192,48576,1,0,0:0:0:0:
192,192,48638,1,0,0:0:0:0:
320,192,48701,1,0,0:0:0:0:
448,192,48763,1,0,0:0:0:0:
320,192,48826,1,0,0:0:0:0:
64,192,48826,1,0,0:0:0:70:LR3_Snare WRH.wav
192,192,48826,1,0,0:0:0:70:LR_Kick Hard Fast.wav
192,192,49076,1,0,0:0:0:70:LR_Kick Hard Fast.wav
448,192,49076,1,0,0:0:0:70:LR3_Snare WRH.wav
64,192,49076,128,0,49326:0:0:0:0:
448,192,49326,1,0,0:0:0:70:LR3_Snare WRH.wav
320,192,49326,1,0,0:0:0:70:LR_Kick Hard Fast.wav
192,192,49326,128,0,49576:0:0:0:0:
448,192,49576,1,0,0:0:0:0:
320,192,49638,1,0,0:0:0:0:
192,192,49701,1,0,0:0:0:0:
64,192,49763,1,0,0:0:0:0:
192,192,49826,1,0,0:0:0:70:LR_Kick Hard Fast.wav
320,192,49826,128,0,50326:0:0:0:0:
448,192,49826,1,0,0:0:0:70:LR3_Snare WRH.wav
192,192,50076,1,0,0:0:0:70:LR_Kick Hard Fast.wav
64,192,50076,1,0,0:0:0:70:LR3_Snare WRH.wav
448,192,50326,1,0,0:0:0:70:LR_Kick Hard Fast.wav
64,192,50326,1,0,0:0:0:70:LR3_Snare WRH.wav
192,192,50388,1,0,0:0:0:0:
320,192,50451,1,0,0:0:0:0:
448,192,50513,1,0,0:0:0:0:
64,192,50576,128,0,50763:0:0:0:0:
192,192,50576,1,0,0:0:0:50:LR_Hat Normal.wav
320,192,50701,1,0,0:0:0:50:LR_Hat Normal.wav
448,192,50763,1,0,0:0:0:50:LR_Hat Normal.wav
192,192,50826,1,0,0:0:0:70:LR_Kick Hard Fast.wav
64,192,50826,1,0,0:0:0:70:LR3_Snare WRH.wav
320,192,50992,1,0,0:0:0:70:LR_Kick Hard Fast.wav
448,192,50992,1,0,0:0:0:70:LR3_Snare WRH.wav
192,192,51076,1,0,0:0:0:70:LR_Kick Hard Fast.wav
64,192,51076,1,0,0:0:0:70:LR3_Snare WRH.wav
448,192,51076,128,0,51326:0:0:0:0:
192,192,51326,1,0,0:0:0:70:LR_Kick Hard Fast.wav
64,192,51326,1,0,0:0:0:70:LR3_Snare WRH.wav
448,192,51451,1,0,0:0:0:0:
320,192,51513,1,0,0:0:0:0:
64,192,51576,1,0,0:0:0:0:
192,192,51638,1,0,0:0:0:0:
448,192,51701,1,0,0:0:0:0:
320,192,51763,1,0,0:0:0:0:
448,192,51826,1,0,0:0:0:30:cymbol.wav
64,192,51826,128,0,52013:0:0:0:0:
192,192,51826,1,0,0:0:0:70:LR_Kick Hard Fast.wav
448,192,52076,128,0,52138:0:0:0:0:
320,192,52076,1,0,0:0:0:70:LR3_Snare WRH.wav
192,192,52076,1,0,0:0:0:70:LR_Kick Hard Fast.wav
64,192,52201,128,0,52263:0:0:0:0:
448,192,52326,128,0,52513:0:0:0:0:
192,192,52326,1,0,0:0:0:70:LR_Kick Hard Fast.wav
320,192,52326,1,0,0:0:0:70:LR3_Snare WRH.wav
64,192,52576,1,0,0:0:0:0:
192,192,52638,1,0,0:0:0:0:
320,192,52701,1,0,0:0:0:0:
448,192,52763,1,0,0:0:0:0:
320,192,52826,1,0,0:0:0:70:LR3_Snare WRH.wav
64,192,52826,1,0,0:0:0:70:LR_Kick Hard Fast.wav
192,192,53076,1,0,0:0:0:70:LR_Kick Hard Fast.wav
448,192,53076,1,0,0:0:0:70:LR3_Snare WRH.wav
320,192,53138,1,0,0:0:0:0:
64,192,53201,1,0,0:0:0:0:
192,192,53263,1,0,0:0:0:0:
448,192,53326,1,0,0:0:0:70:LR3_Snare WRH.wav
64,192,53326,128,0,53513:0:0:0:0:
320,192,53326,1,0,0:0:0:70:LR_Kick Hard Fast.wav
448,192,53576,1,0,0:0:0:0:
320,192,53638,1,0,0:0:0:0:
192,192,53701,1,0,0:0:0:0:
64,192,53763,1,0,0:0:0:0:
192,192,53826,1,0,0:0:0:70:LR_Kick Hard Fast.wav
320,192,53826,1,0,0:0:0:0:
448,192,53826,1,0,0:0:0:70:LR3_Snare WRH.wav
320,192,54076,1,0,0:0:0:0:
448,192,54326,1,0,0:0:0:70:LR3_Snare WRH.wav
192,192,54326,1,0,0:0:0:70:LR_Kick Hard Fast.wav
64,192,54326,1,0,0:0:0:0:
448,192,54576,1,0,0:0:0:50:LR_Hat Normal.wav
192,192,54701,1,0,0:0:0:50:LR_Hat Normal.wav
320,192,54763,1,0,0:0:0:50:LR_Hat Normal.wav
448,192,54826,1,0,0:0:0:70:LR_Kick Hard Fast.wav
192,192,54826,1,0,0:0:0:0:
64,192,54826,1,0,0:0:0:70:LR3_Snare WRH.wav
320,192,55076,1,0,0:0:0:0:
448,192,55076,1,0,0:0:0:70:LR_Kick Hard Fast.wav
64,192,55076,1,0,0:0:0:70:LR3_Snare WRH.wav
448,192,55326,1,0,0:0:0:70:LR_Kick Hard Fast.wav
192,192,55326,1,0,0:0:0:0:
64,192,55326,1,0,0:0:0:70:LR3_Snare WRH.wav
320,192,55388,1,0,0:0:0:0:
64,192,55451,1,0,0:0:0:0:
192,192,55513,1,0,0:0:0:0:
448,192,55576,1,0,0:0:0:0:
320,192,55638,1,0,0:0:0:0:
64,192,55701,1,0,0:0:0:0:
192,192,55763,1,0,0:0:0:0:
320,192,55826,1,0,0:0:0:30:cymbol.wav
448,192,55826,128,0,56013:0:0:0:0:
64,192,56055,128,0,56263:0:0:0:0:
448,192,56305,128,0,56513:0:0:0:0:
64,192,56555,128,0,56638:0:0:0:0:
448,192,56680,128,0,57013:0:0:0:0:
64,192,56805,1,0,0:0:0:100:LR_Kick Normal .wav
192,192,56930,1,0,0:0:0:100:LR_Kick Normal .wav
320,192,57055,1,0,0:0:0:100:LR_Kick Normal .wav
448,192,57055,128,0,57513:0:0:0:0:
192,192,57201,1,0,0:0:0:0:
64,192,57263,1,0,0:0:0:100:LR_Kick Normal .wav
320,192,57326,1,0,0:0:0:100:LR_Kick Normal .wav
64,192,57576,1,0,0:0:0:0:
192,192,57576,1,0,0:0:0:100:LR_Kick Normal .wav
320,192,57576,128,0,57826:0:0:0:0:
192,192,57701,1,0,0:0:0:100:LR_Kick Normal .wav
64,192,57701,1,0,0:0:0:0:
448,192,57826,1,0,0:0:0:100:LR_Kick Normal .wav
192,192,57951,1,0,0:0:0:100:LR_Kick Normal .wav
448,192,58076,1,0,0:0:0:100:LR_Kick Normal .wav
64,192,58076,1,0,0:0:0:0:
320,192,58201,1,0,0:0:0:100:LR_Kick Normal .wav
64,192,58326,1,0,0:0:0:0:
192,192,58326,1,0,0:0:0:100:LR_Kick Normal .wav
448,192,58451,1,0,0:0:0:100:LR_Kick Normal .wav
64,192,58451,1,0,0:0:0:0:
192,192,58701,1,0,0:0:0:0:
320,192,58701,1,0,0:0:0:100:LR_Kick Normal .wav
192,192,58826,1,0,0:0:0:0:
320,192,58826,1,0,0:0:0:100:LR_Kick Normal .wav
320,192,58951,1,0,0:0:0:100:LR_Kick Normal .wav
192,192,58951,1,0,0:0:0:0:
448,192,59076,1,0,0:0:0:100:LR_Kick Normal .wav
64,192,59076,128,0,59826:0:0:0:0:
192,192,59201,1,0,0:0:0:100:LR_Kick Normal .wav
320,192,59263,1,0,0:0:0:100:LR_Kick Normal .wav
448,192,59326,1,0,0:0:0:0:
192,192,59451,1,0,0:0:0:100:LR_Kick Normal .wav
320,192,59513,1,0,0:0:0:100:LR_Kick Normal .wav
448,192,59576,1,0,0:0:0:0:
192,192,59826,128,0,60013:0:0:0:0:
320,192,59826,128,0,60013:0:0:0:100:LR_Kick Normal .wav
448,192,59826,128,0,60013:0:0:0:0:
448,192,60076,1,0,0:0:0:0:
320,192,60076,1,0,0:0:0:100:LR_Kick Normal .wav
192,192,60076,1,0,0:0:0:0:
192,192,60201,128,0,60388:0:0:0:0:
320,192,60201,128,0,60388:0:0:0:100:LR_Kick Normal .wav
448,192,60201,128,0,60388:0:0:0:0:
448,192,60451,1,0,0:0:0:0:
320,192,60451,1,0,0:0:0:100:LR_Kick Normal .wav
192,192,60451,1,0,0:0:0:0:
64,192,60576,128,0,60701:0:0:0:100:LR_Kick Normal .wav
192,192,60576,1,0,0:0:0:50:LR_Snare Hit.wav
320,192,60617,1,0,0:0:0:50:LR_Snare Hit.wav
448,192,60659,1,0,0:0:0:50:LR_Snare Hit.wav
192,192,60826,128,0,61013:0:0:0:0:
320,192,60826,128,0,61013:0:0:0:100:LR_Kick Normal .wav
448,192,60826,128,0,61013:0:0:0:0:
192,192,61076,1,0,0:0:0:0:
320,192,61076,1,0,0:0:0:100:LR_Kick Normal .wav
448,192,61076,1,0,0:0:0:0:
448,192,61201,128,0,61388:0:0:0:0:
320,192,61201,128,0,61388:0:0:0:100:LR_Kick Normal .wav
192,192,61201,128,0,61388:0:0:0:0:
192,192,61451,1,0,0:0:0:0:
320,192,61451,1,0,0:0:0:100:LR_Kick Normal .wav
448,192,61451,1,0,0:0:0:0:
448,192,61576,128,0,61701:0:0:0:0:
320,192,61576,128,0,61701:0:0:0:0:
64,192,61576,128,0,61701:0:0:0:100:LR_Kick Normal .wav
192,192,61826,128,0,62013:0:0:0:0:
320,192,61826,128,0,62013:0:0:0:100:LR_Kick Normal .wav
448,192,61826,128,0,62013:0:0:0:0:
448,192,62076,1,0,0:0:0:0:
320,192,62076,1,0,0:0:0:100:LR_Kick Normal .wav
192,192,62076,1,0,0:0:0:0:
192,192,62201,128,0,62388:0:0:0:0:
320,192,62201,128,0,62388:0:0:0:100:LR_Kick Normal .wav
448,192,62201,128,0,62388:0:0:0:0:
448,192,62451,1,0,0:0:0:0:
320,192,62451,1,0,0:0:0:100:LR_Kick Normal .wav
192,192,62451,1,0,0:0:0:0:
192,192,62576,128,0,62701:0:0:0:100:LR_Kick Normal .wav
64,192,62576,128,0,62701:0:0:0:50:LR_Snare Hit.wav
448,192,62826,128,0,62888:0:0:0:100:LR_Kick Normal .wav
320,192,62826,128,0,62888:0:0:0:0:
192,192,63076,128,0,63201:0:0:0:0:
64,192,63076,128,0,63201:0:0:0:100:LR_Kick Normal .wav
448,192,63326,128,0,63763:0:0:0:100:LR_Kick Normal .wav
64,192,63326,128,0,63763:0:0:0:0:
320,192,63576,128,0,63763:0:0:0:0:
320,192,63826,128,0,64013:0:0:0:0:
192,192,63826,128,0,64013:0:0:0:100:LR_Kick Normal .wav
64,192,63826,128,0,64013:0:0:0:0:
320,192,64076,1,0,0:0:0:0:
192,192,64076,1,0,0:0:0:100:LR_Kick Normal .wav
64,192,64076,1,0,0:0:0:0:
320,192,64201,128,0,64388:0:0:0:0:
192,192,64201,128,0,64388:0:0:0:100:LR_Kick Normal .wav
64,192,64201,128,0,64388:0:0:0:0:
320,192,64451,1,0,0:0:0:0:
192,192,64451,1,0,0:0:0:100:LR_Kick Normal .wav
64,192,64451,1,0,0:0:0:0:
448,192,64576,128,0,64701:0:0:0:100:LR_Kick Normal .wav
320,192,64576,1,0,0:0:0:50:LR_Snare Hit.wav
192,192,64617,1,0,0:0:0:50:LR_Snare Hit.wav
64,192,64659,1,0,0:0:0:50:LR_Snare Hit.wav
320,192,64826,128,0,65013:0:0:0:0:
64,192,64826,128,0,65013:0:0:0:0:
192,192,64826,128,0,65013:0:0:0:100:LR_Kick Normal .wav
320,192,65076,1,0,0:0:0:0:
192,192,65076,1,0,0:0:0:100:LR_Kick Normal .wav
64,192,65076,1,0,0:0:0:0:
320,192,65201,128,0,65388:0:0:0:0:
192,192,65201,128,0,65388:0:0:0:100:LR_Kick Normal .wav
64,192,65201,128,0,65388:0:0:0:0:
320,192,65451,1,0,0:0:0:0:
192,192,65451,1,0,0:0:0:100:LR_Kick Normal .wav
64,192,65451,1,0,0:0:0:0:
192,192,65576,128,0,65701:0:0:0:0:
64,192,65576,128,0,65701:0:0:0:0:
448,192,65576,128,0,65701:0:0:0:100:LR_Kick Normal .wav
320,192,65826,128,0,66013:0:0:0:0:
192,192,65826,128,0,66013:0:0:0:100:LR_Kick Normal .wav
64,192,65826,128,0,66013:0:0:0:0:
320,192,66076,1,0,0:0:0:0:
192,192,66076,1,0,0:0:0:100:LR_Kick Normal .wav
64,192,66076,1,0,0:0:0:0:
320,192,66201,128,0,66388:0:0:0:0:
192,192,66201,128,0,66388:0:0:0:100:LR_Kick Normal .wav
64,192,66201,128,0,66388:0:0:0:0:
320,192,66451,1,0,0:0:0:0:
192,192,66451,1,0,0:0:0:100:LR_Kick Normal .wav
64,192,66451,1,0,0:0:0:0:
320,192,66576,128,0,66701:0:0:0:100:LR_Kick Normal .wav
448,192,66576,128,0,66701:0:0:0:0:
320,192,66826,1,0,0:0:0:100:LR_Kick Normal .wav
448,192,66826,1,0,0:0:0:0:
64,192,66826,128,0,67326:0:0:0:0:
448,192,67076,1,0,0:0:0:0:
320,192,67076,1,0,0:0:0:100:LR_Kick Normal .wav
448,192,67326,128,0,67763:0:0:0:0:
320,192,67326,1,0,0:0:0:100:LR_Kick Normal .wav
192,192,67326,1,0,0:0:0:0:
64,192,67576,128,0,67763:0:0:0:0:
448,192,67826,1,0,0:0:0:30:cymbol.wav
192,192,67826,1,0,0:0:0:100:LR_Kick Normal .wav
64,192,67826,1,0,0:0:0:0:
320,192,67826,128,0,68013:0:0:0:0:
192,192,68076,1,0,0:0:0:100:LR_Kick Normal .wav
64,192,68076,1,0,0:0:0:0:
320,192,68076,1,0,0:0:0:0:
64,192,68201,1,0,0:0:0:0:
192,192,68201,1,0,0:0:0:100:LR_Kick Normal .wav
448,192,68201,1,0,0:0:0:30:cymbol.wav
320,192,68201,128,0,68388:0:0:0:0:
192,192,68451,1,0,0:0:0:100:LR_Kick Normal .wav
64,192,68451,1,0,0:0:0:0:
320,192,68451,1,0,0:0:0:0:
64,192,68576,128,0,68701:0:0:0:100:LR_Kick Normal .wav
192,192,68576,1,0,0:0:0:50:LR_Snare Hit.wav
320,192,68617,1,0,0:0:0:50:LR_Snare Hit.wav
448,192,68659,1,0,0:0:0:50:LR_Snare Hit.wav
64,192,68826,1,0,0:0:0:0:
448,192,68826,1,0,0:0:0:30:cymbol.wav
192,192,68826,128,0,69013:0:0:0:0:
320,192,68826,1,0,0:0:0:100:LR_Kick Normal .wav
192,192,69076,1,0,0:0:0:100:LR_Kick Normal .wav
64,192,69076,1,0,0:0:0:0:
320,192,69076,1,0,0:0:0:0:
448,192,69201,1,0,0:0:0:30:cymbol.wav
64,192,69201,1,0,0:0:0:0:
192,192,69201,128,0,69388:0:0:0:0:
320,192,69201,1,0,0:0:0:100:LR_Kick Normal .wav
192,192,69451,1,0,0:0:0:100:LR_Kick Normal .wav
64,192,69451,1,0,0:0:0:0:
320,192,69451,1,0,0:0:0:0:
448,192,69576,128,0,69701:0:0:0:0:
64,192,69576,128,0,69701:0:0:0:100:LR_Kick Normal .wav
192,192,69576,128,0,69701:0:0:0:0:
448,192,69826,1,0,0:0:0:30:cymbol.wav
192,192,69826,1,0,0:0:0:100:LR_Kick Normal .wav
64,192,69826,1,0,0:0:0:0:
320,192,69826,128,0,70013:0:0:0:0:
192,192,70076,1,0,0:0:0:100:LR_Kick Normal .wav
64,192,70076,1,0,0:0:0:0:
320,192,70076,1,0,0:0:0:0:
192,192,70201,1,0,0:0:0:100:LR_Kick Normal .wav
448,192,70201,1,0,0:0:0:30:cymbol.wav
64,192,70201,1,0,0:0:0:0:
320,192,70201,128,0,70388:0:0:0:0:
192,192,70451,1,0,0:0:0:100:LR_Kick Normal .wav
64,192,70451,1,0,0:0:0:0:
320,192,70451,1,0,0:0:0:0:
192,192,70576,128,0,70701:0:0:0:0:
320,192,70576,1,0,0:0:0:100:LR_Kick Normal .wav
448,192,70576,1,0,0:0:0:50:LR_Snare Hit.wav
320,192,70826,128,0,70951:0:0:0:0:
448,192,70826,128,0,70951:0:0:0:100:LR_Kick Normal .wav
64,192,70826,128,0,70951:0:0:0:0:
320,192,71076,128,0,71201:0:0:0:0:
192,192,71076,128,0,71201:0:0:0:0:
64,192,71076,128,0,71201:0:0:0:100:LR_Kick Normal .wav
64,192,71326,128,0,71763:0:0:0:0:
448,192,71326,128,0,71763:0:0:0:100:LR_Kick Normal .wav
192,192,71326,128,0,71576:0:0:0:0:
320,192,71576,128,0,71763:0:0:0:0:
64,192,71826,1,0,0:0:0:30:cymbol.wav
320,192,71826,1,0,0:0:0:100:LR_Kick Normal .wav
448,192,71826,1,0,0:0:0:0:
192,192,71826,128,0,72013:0:0:0:0:
320,192,72076,1,0,0:0:0:100:LR_Kick Normal .wav
448,192,72076,1,0,0:0:0:0:
192,192,72076,1,0,0:0:0:0:
448,192,72201,1,0,0:0:0:0:
320,192,72201,1,0,0:0:0:100:LR_Kick Normal .wav
64,192,72201,1,0,0:0:0:30:cymbol.wav
192,192,72201,128,0,72388:0:0:0:0:
320,192,72451,1,0,0:0:0:100:LR_Kick Normal .wav
448,192,72451,1,0,0:0:0:0:
192,192,72451,1,0,0:0:0:0:
320,192,72576,1,0,0:0:0:50:LR_Snare Hit.wav
448,192,72576,128,0,72701:0:0:0:100:LR_Kick Normal .wav
192,192,72617,1,0,0:0:0:50:LR_Snare Hit.wav
64,192,72659,1,0,0:0:0:50:LR_Snare Hit.wav
448,192,72826,1,0,0:0:0:0:
64,192,72826,1,0,0:0:0:30:cymbol.wav
320,192,72826,128,0,73013:0:0:0:0:
192,192,72826,1,0,0:0:0:100:LR_Kick Normal .wav
320,192,73076,1,0,0:0:0:100:LR_Kick Normal .wav
448,192,73076,1,0,0:0:0:0:
192,192,73076,1,0,0:0:0:0:
448,192,73201,1,0,0:0:0:0:
64,192,73201,1,0,0:0:0:30:cymbol.wav
320,192,73201,128,0,73388:0:0:0:0:
192,192,73201,1,0,0:0:0:100:LR_Kick Normal .wav
320,192,73451,1,0,0:0:0:100:LR_Kick Normal .wav
448,192,73451,1,0,0:0:0:0:
192,192,73451,1,0,0:0:0:0:
320,192,73576,128,0,73701:0:0:0:0:
64,192,73576,128,0,73701:0:0:0:0:
448,192,73576,128,0,73701:0:0:0:100:LR_Kick Normal .wav
448,192,73826,1,0,0:0:0:0:
320,192,73826,1,0,0:0:0:100:LR_Kick Normal .wav
64,192,73826,1,0,0:0:0:30:cymbol.wav
192,192,73826,128,0,74013:0:0:0:0:
320,192,74076,1,0,0:0:0:100:LR_Kick Normal .wav
448,192,74076,1,0,0:0:0:0:
192,192,74076,1,0,0:0:0:0:
320,192,74201,1,0,0:0:0:100:LR_Kick Normal .wav
448,192,74201,1,0,0:0:0:0:
64,192,74201,1,0,0:0:0:30:cymbol.wav
192,192,74201,128,0,74388:0:0:0:0:
320,192,74451,1,0,0:0:0:100:LR_Kick Normal .wav
448,192,74451,1,0,0:0:0:0:
192,192,74451,1,0,0:0:0:0:
192,192,74576,1,0,0:0:0:100:LR_Kick Normal .wav
64,192,74576,1,0,0:0:0:0:
320,192,74576,128,0,74701:0:0:0:0:
448,192,74826,1,0,0:0:0:0:
320,192,74826,1,0,0:0:0:100:LR_Kick Normal .wav
192,192,74826,128,0,75076:0:0:0:0:
64,192,74826,1,0,0:0:0:30:cymbol.wav
448,192,75076,1,0,0:0:0:0:
64,192,75138,1,0,0:0:0:0:
448,192,75201,1,0,0:0:0:0:
64,192,75263,1,0,0:0:0:0:
448,192,75326,1,0,0:0:0:30:cymbol.wav
320,192,75326,1,0,0:0:0:100:LR_Kick Normal .wav
192,192,75576,1,0,0:0:0:0:
320,192,75638,1,0,0:0:0:0:
192,192,75701,1,0,0:0:0:0:
320,192,75763,1,0,0:0:0:0:
448,192,75826,1,0,0:0:0:30:cymbol.wav
192,192,75826,1,0,0:0:0:70:LR3_Snare WRH.wav
64,192,75826,1,0,0:0:0:70:LR_Kick Hard Fast.wav
192,192,76076,1,0,0:0:0:70:LR3_Snare WRH.wav
64,192,76076,1,0,0:0:0:70:LR_Kick Hard Fast.wav
448,192,76076,1,0,0:0:0:0:
448,192,76326,1,0,0:0:0:0:
192,192,76326,1,0,0:0:0:70:LR3_Snare WRH.wav
64,192,76326,1,0,0:0:0:70:LR_Kick Hard Fast.wav
320,192,76576,1,0,0:0:0:0:
64,192,76638,1,0,0:0:0:0:
320,192,76701,1,0,0:0:0:0:
64,192,76763,1,0,0:0:0:0:
320,192,76826,1,0,0:0:0:0:
448,192,76826,1,0,0:0:0:70:LR_Kick Hard Fast.wav
192,192,76826,1,0,0:0:0:70:LR3_Snare WRH.wav
192,192,76992,1,0,0:0:0:70:LR3_Snare WRH.wav
64,192,76992,1,0,0:0:0:0:
192,192,77076,1,0,0:0:0:70:LR3_Snare WRH.wav
448,192,77076,1,0,0:0:0:70:LR_Kick Hard Fast.wav
320,192,77076,1,0,0:0:0:0:
64,192,77242,1,0,0:0:0:0:
448,192,77326,1,0,0:0:0:70:LR_Kick Hard Fast.wav
192,192,77326,1,0,0:0:0:70:LR3_Snare WRH.wav
320,192,77326,128,0,77576:0:0:0:0:
64,192,77576,1,0,0:0:0:0:
192,192,77638,1,0,0:0:0:0:
320,192,77701,1,0,0:0:0:0:
448,192,77763,1,0,0:0:0:0:
320,192,77826,1,0,0:0:0:0:
192,192,77826,1,0,0:0:0:70:LR3_Snare WRH.wav
64,192,77826,1,0,0:0:0:70:LR_Kick Hard Fast.wav
192,192,78076,1,0,0:0:0:0:
448,192,78138,1,0,0:0:0:0:
192,192,78201,1,0,0:0:0:0:
448,192,78263,1,0,0:0:0:0:
320,192,78326,1,0,0:0:0:0:
192,192,78326,1,0,0:0:0:70:LR3_Snare WRH.wav
64,192,78326,1,0,0:0:0:70:LR_Kick Hard Fast.wav
448,192,78451,1,0,0:0:0:0:
320,192,78513,1,0,0:0:0:0:
64,192,78576,1,0,0:0:0:0:
192,192,78638,1,0,0:0:0:0:
448,192,78701,1,0,0:0:0:70:LR_Kick Hard Fast.wav
320,192,78701,1,0,0:0:0:70:LR3_Snare WRH.wav
64,192,78701,1,0,0:0:0:30:cymbol.wav
448,192,78951,1,0,0:0:0:70:LR_Kick Hard Fast.wav
192,192,78951,1,0,0:0:0:70:LR3_Snare WRH.wav
64,192,78951,1,0,0:0:0:0:
320,192,79076,1,0,0:0:0:0:
448,192,79201,1,0,0:0:0:70:LR_Kick Hard Fast.wav
64,192,79201,1,0,0:0:0:70:LR3_Snare WRH.wav
64,192,79326,1,0,0:0:0:70:LR3_Snare WRH.wav
192,192,79326,1,0,0:0:0:70:LR_Kick Hard Fast.wav
320,192,79451,128,0,79576:0:0:0:0:
448,192,79451,128,0,79576:0:0:0:0:
192,192,79576,128,0,79826:0:0:0:0:
64,192,79576,128,0,79826:0:0:0:0:
448,192,79826,1,0,0:0:0:70:LR3_Snare WRH.wav
320,192,79826,1,0,0:0:0:0:
320,192,79951,1,0,0:0:0:0:
448,192,79951,1,0,0:0:0:70:LR3_Snare WRH.wav
448,192,80076,1,0,0:0:0:70:LR3_Snare WRH.wav
192,192,80076,1,0,0:0:0:0:
64,192,80076,1,0,0:0:0:70:LR_Kick Hard Fast.wav
448,192,80326,1,0,0:0:0:70:LR3_Snare WRH.wav
192,192,80326,1,0,0:0:0:0:
64,192,80326,1,0,0:0:0:70:LR_Kick Hard Fast.wav
320,192,80576,1,0,0:0:0:0:
192,192,80638,1,0,0:0:0:0:
320,192,80701,1,0,0:0:0:0:
192,192,80763,1,0,0:0:0:0:
448,192,80826,1,0,0:0:0:70:LR3_Snare WRH.wav
320,192,80826,1,0,0:0:0:70:LR_Kick Hard Fast.wav
64,192,80826,1,0,0:0:0:30:cymbol.wav
448,192,80992,1,0,0:0:0:70:LR3_Snare WRH.wav
320,192,80992,1,0,0:0:0:0:
448,192,81076,1,0,0:0:0:70:LR3_Snare WRH.wav
192,192,81076,1,0,0:0:0:70:LR_Kick Hard Fast.wav
64,192,81076,1,0,0:0:0:0:
320,192,81242,1,0,0:0:0:70:LR3_Snare WRH.wav
192,192,81242,1,0,0:0:0:0:
448,192,81326,1,0,0:0:0:0:
64,192,81326,1,0,0:0:0:70:LR_Kick Hard Fast.wav
320,192,81326,1,0,0:0:0:70:LR3_Snare WRH.wav
192,192,81576,128,0,81742:0:0:0:0:
448,192,81576,1,0,0:0:0:70:LR_Kick Hard Fast.wav
64,192,81576,1,0,0:0:0:0:
320,192,81742,1,0,0:0:0:70:LR3_Snare WRH.wav
448,192,81742,1,0,0:0:0:0:
448,192,81826,1,0,0:0:0:70:LR_Kick Hard Fast.wav
320,192,81826,1,0,0:0:0:70:LR3_Snare WRH.wav
192,192,81826,1,0,0:0:0:0:
64,192,81826,1,0,0:0:0:30:cymbol.wav
192,192,81992,1,0,0:0:0:0:
320,192,82076,1,0,0:0:0:70:LR3_Snare WRH.wav
448,192,82076,1,0,0:0:0:70:LR_Kick Hard Fast.wav
64,192,82076,1,0,0:0:0:0:
320,192,82242,1,0,0:0:0:0:
64,192,82326,1,0,0:0:0:0:
448,192,82326,1,0,0:0:0:70:LR_Kick Hard Fast.wav
192,192,82326,1,0,0:0:0:70:LR3_Snare WRH.wav
192,192,82492,1,0,0:0:0:0:
64,192,82576,1,0,0:0:0:0:
320,192,82576,1,0,0:0:0:70:LR3_Snare WRH.wav
448,192,82576,1,0,0:0:0:70:LR_Kick Hard Fast.wav
192,192,82742,1,0,0:0:0:70:LR3_Snare WRH.wav
64,192,82742,1,0,0:0:0:0:
448,192,82742,1,0,0:0:0:70:LR_Kick Hard Fast.wav
320,192,82992,1,0,0:0:0:0:
448,192,83076,1,0,0:0:0:70:LR_Kick Hard Fast.wav
192,192,83076,1,0,0:0:0:70:LR3_Snare WRH.wav
64,192,83076,1,0,0:0:0:0:
192,192,83242,1,0,0:0:0:0:
320,192,83326,128,0,83451:0:0:0:0:
448,192,83326,128,0,83451:0:0:0:0:
64,192,83326,128,0,83451:0:0:0:0:
64,192,83576,128,0,83701:0:0:0:0:
320,192,83576,128,0,83701:0:0:0:0:
448,192,83576,128,0,83701:0:0:0:0:
192,192,83826,1,0,0:0:0:70:LR_Kick Hard Fast.wav
64,192,83826,1,0,0:0:0:30:LR_Hat Normal.wav
448,192,83826,1,0,0:0:0:30:cymbol.wav
320,192,83951,1,0,0:0:0:0:
192,192,84076,1,0,0:0:0:0:
64,192,84076,1,0,0:0:0:30:LR_Hat Normal.wav
320,192,84201,1,0,0:0:0:0:
448,192,84326,1,0,0:0:0:30:LR_Hat Normal.wav
64,192,84326,1,0,0:0:0:0:
192,192,84451,1,0,0:0:0:0:
448,192,84576,1,0,0:0:0:30:LR_Hat Normal.wav
320,192,84576,1,0,0:0:0:0:
192,192,84701,1,0,0:0:0:0:
64,192,84826,1,0,0:0:0:30:LR_Hat Normal.wav
448,192,84826,1,0,0:0:0:0:
320,192,84951,1,0,0:0:0:0:
192,192,85013,1,0,0:0:0:0:
320,192,85076,1,0,0:0:0:30:LR_Hat Normal.wav
64,192,85076,1,0,0:0:0:0:
448,192,85201,1,0,0:0:0:0:
192,192,85326,1,0,0:0:0:30:LR_Hat Normal.wav
64,192,85326,1,0,0:0:0:0:
192,192,85576,1,0,0:0:0:30:LR_Hat Normal.wav
64,192,85576,1,0,0:0:0:0:
320,192,85701,1,0,0:0:0:30:LR_Hat Normal.wav
448,192,85826,1,0,0:0:0:0:
64,192,85826,1,0,0:0:0:30:LR_Hat Normal.wav
448,192,85951,1,0,0:0:0:0:
320,192,86076,1,0,0:0:0:0:
64,192,86076,1,0,0:0:0:30:LR_Hat Normal.wav
320,192,86201,1,0,0:0:0:0:
192,192,86326,1,0,0:0:0:0:
448,192,86326,1,0,0:0:0:30:LR_Hat Normal.wav
192,192,86451,1,0,0:0:0:0:
64,192,86576,1,0,0:0:0:0:
448,192,86576,1,0,0:0:0:30:LR_Hat Normal.wav
64,192,86701,128,0,86951:0:0:0:0:
448,192,86826,1,0,0:0:0:30:LR_Hat Normal.wav
320,192,86951,1,0,0:0:0:0:
192,192,87013,1,0,0:0:0:0:
64,192,87076,1,0,0:0:0:30:LR_Hat Normal.wav
448,192,87076,1,0,0:0:0:0:
320,192,87138,1,0,0:0:0:0:
192,192,87201,1,0,0:0:0:0:
64,192,87326,1,0,0:0:0:0:
320,192,87326,1,0,0:0:0:30:LR_Hat Normal.wav
448,192,87451,1,0,0:0:0:0:
192,192,87576,1,0,0:0:0:30:LR_Hat Normal.wav
64,192,87576,128,0,87826:0:0:0:0:
320,192,87826,1,0,0:0:0:30:LR_Hat Normal.wav
448,192,87826,1,0,0:0:0:0:
192,192,87951,1,0,0:0:0:0:
320,192,88076,128,0,88138:0:0:0:0:
64,192,88076,1,0,0:0:0:30:LR_Hat Normal.wav
192,192,88201,1,0,0:0:0:0:
192,192,88263,1,0,0:0:0:0:
448,192,88326,1,0,0:0:0:0:
320,192,88326,1,0,0:0:0:30:LR_Hat Normal.wav
64,192,88451,128,0,88513:0:0:0:0:
448,192,88576,1,0,0:0:0:30:LR_Hat Normal.wav
192,192,88576,1,0,0:0:0:0:
320,192,88701,1,0,0:0:0:0:
64,192,88826,1,0,0:0:0:0:
448,192,88826,1,0,0:0:0:30:LR_Hat Normal.wav
192,192,88951,1,0,0:0:0:0:
320,192,89013,1,0,0:0:0:0:
448,192,89076,1,0,0:0:0:0:
192,192,89076,1,0,0:0:0:30:LR_Hat Normal.wav
64,192,89201,1,0,0:0:0:0:
320,192,89326,1,0,0:0:0:30:LR_Hat Normal.wav
448,192,89326,1,0,0:0:0:0:
192,192,89451,128,0,89513:0:0:0:0:
64,192,89576,1,0,0:0:0:30:LR_Hat Normal.wav
448,192,89576,1,0,0:0:0:0:
192,192,89701,1,0,0:0:0:0:
320,192,89826,1,0,0:0:0:30:LR_Hat Normal.wav
448,192,89826,1,0,0:0:0:0:
320,192,89951,1,0,0:0:0:0:
448,192,89951,1,0,0:0:0:0:
192,192,90076,128,0,90138:0:0:0:0:
64,192,90076,1,0,0:0:0:30:LR_Hat Normal.wav
320,192,90201,1,0,0:0:0:0:
448,192,90201,1,0,0:0:0:0:
320,192,90326,1,0,0:0:0:30:LR_Hat Normal.wav
448,192,90326,1,0,0:0:0:0:
192,192,90451,128,0,90513:0:0:0:0:
64,192,90451,1,0,0:0:0:0:
320,192,90576,1,0,0:0:0:30:LR_Hat Normal.wav
320,192,90701,1,0,0:0:0:0:
448,192,90826,1,0,0:0:0:0:
192,192,90826,1,0,0:0:0:70:LR_Kick Hard Fast.wav
64,192,90826,1,0,0:0:0:0:
448,192,91076,1,0,0:0:0:0:
192,192,91076,1,0,0:0:0:70:LR_Kick Hard Fast.wav
64,192,91076,1,0,0:0:0:0:
192,192,91326,1,0,0:0:0:70:LR_Kick Hard Fast.wav
64,192,91326,1,0,0:0:0:0:
448,192,91326,1,0,0:0:0:0:
320,192,91451,1,0,0:0:0:70:LR_Kick Hard Fast.wav
448,192,91451,1,0,0:0:0:0:
192,192,91513,1,0,0:0:0:70:LR_Kick Hard Fast.wav
64,192,91513,1,0,0:0:0:0:
320,192,91576,128,0,91763:0:0:0:0:
448,192,91576,128,0,91763:0:0:0:0:
448,192,91826,1,0,0:0:0:70:LR3_Snare WRH.wav
192,192,91826,1,0,0:0:0:0:
64,192,91826,1,0,0:0:0:70:LR_Kick Hard Fast.wav
320,192,91951,1,0,0:0:0:50:LR_Snare Hit.wav
448,192,92076,1,0,0:0:0:70:LR3_Snare WRH.wav
192,192,92076,1,0,0:0:0:0:
64,192,92076,1,0,0:0:0:70:LR_Kick Hard Fast.wav
320,192,92201,1,0,0:0:0:50:LR_Snare Hit.wav
448,192,92326,1,0,0:0:0:70:LR3_Snare WRH.wav
320,192,92326,1,0,0:0:0:70:LR_Kick Hard Fast.wav
192,192,92326,1,0,0:0:0:0:
64,192,92451,1,0,0:0:0:50:LR_Snare Hit.wav
192,192,92513,1,0,0:0:0:50:LR_Snare Hit.wav
320,192,92576,1,0,0:0:0:70:LR_Kick Hard Fast.wav
448,192,92576,1,0,0:0:0:70:LR3_Snare WRH.wav
64,192,92576,1,0,0:0:0:0:
192,192,92701,1,0,0:0:0:50:LR_Snare Hit.wav
448,192,92826,1,0,0:0:0:70:LR3_Snare WRH.wav
320,192,92826,1,0,0:0:0:0:
64,192,92826,1,0,0:0:0:70:LR_Kick Hard Fast.wav
320,192,92951,1,0,0:0:0:50:LR_Snare Hit.wav
448,192,93076,1,0,0:0:0:70:LR3_Snare WRH.wav
192,192,93076,1,0,0:0:0:0:
64,192,93076,1,0,0:0:0:70:LR_Kick Hard Fast.wav
320,192,93201,1,0,0:0:0:50:LR_Snare Hit.wav
192,192,93263,1,0,0:0:0:50:LR_Snare Hit.wav
448,192,93326,1,0,0:0:0:70:LR3_Snare WRH.wav
64,192,93326,1,0,0:0:0:70:LR_Kick Hard Fast.wav
320,192,93326,1,0,0:0:0:0:
192,192,93451,1,0,0:0:0:0:
64,192,93576,1,0,0:0:0:70:LR_Kick Hard Fast.wav
320,192,93576,1,0,0:0:0:0:
448,192,93576,1,0,0:0:0:70:LR3_Snare WRH.wav
448,192,93701,1,0,0:0:0:70:LR3_Snare WRH.wav
320,192,93701,1,0,0:0:0:0:
64,192,93701,1,0,0:0:0:70:LR_Kick Hard Fast.wav
64,192,93826,1,0,0:0:0:70:LR_Kick Hard Fast.wav
192,192,93826,1,0,0:0:0:0:
448,192,93826,1,0,0:0:0:70:LR3_Snare WRH.wav
320,192,93951,1,0,0:0:0:50:LR_Snare Hit.wav
448,192,94076,1,0,0:0:0:70:LR3_Snare WRH.wav
192,192,94076,1,0,0:0:0:0:
64,192,94076,1,0,0:0:0:70:LR_Kick Hard Fast.wav
192,192,94201,1,0,0:0:0:50:LR_Snare Hit.wav
448,192,94326,1,0,0:0:0:70:LR3_Snare WRH.wav
320,192,94326,1,0,0:0:0:0:
64,192,94326,1,0,0:0:0:70:LR_Kick Hard Fast.wav
192,192,94451,1,0,0:0:0:0:
320,192,94513,1,0,0:0:0:0:
448,192,94576,1,0,0:0:0:70:LR3_Snare WRH.wav
192,192,94576,1,0,0:0:0:0:
64,192,94576,1,0,0:0:0:70:LR_Kick Hard Fast.wav
448,192,94701,1,0,0:0:0:0:
320,192,94826,1,0,0:0:0:70:LR_Kick Hard Fast.wav
192,192,94826,1,0,0:0:0:0:
64,192,94826,1,0,0:0:0:70:LR3_Snare WRH.wav
448,192,94951,1,0,0:0:0:0:
64,192,95076,1,0,0:0:0:0:
320,192,95138,1,0,0:0:0:0:
64,192,95201,1,0,0:0:0:0:
320,192,95263,1,0,0:0:0:0:
192,192,95326,1,0,0:0:0:70:LR_Kick Hard Fast.wav
64,192,95326,1,0,0:0:0:70:LR3_Snare WRH.wav
448,192,95326,1,0,0:0:0:30:cymbol.wav
320,192,95451,1,0,0:0:0:0:
192,192,95576,1,0,0:0:0:0:
448,192,95638,1,0,0:0:0:0:
192,192,95701,1,0,0:0:0:0:
448,192,95763,1,0,0:0:0:0:
320,192,95826,1,0,0:0:0:70:LR_Kick Hard Fast.wav
192,192,95826,1,0,0:0:0:70:LR3_Snare WRH.wav
64,192,95826,1,0,0:0:0:0:
64,192,95951,1,0,0:0:0:50:LR_Snare Hit.wav
192,192,96076,1,0,0:0:0:70:LR3_Snare WRH.wav
320,192,96076,1,0,0:0:0:0:
448,192,96076,1,0,0:0:0:70:LR_Kick Hard Fast.wav
320,192,96201,1,0,0:0:0:50:LR_Snare Hit.wav
192,192,96326,1,0,0:0:0:70:LR3_Snare WRH.wav
448,192,96326,1,0,0:0:0:70:LR_Kick Hard Fast.wav
64,192,96326,1,0,0:0:0:0:
320,192,96451,1,0,0:0:0:50:LR_Snare Hit.wav
192,192,96513,1,0,0:0:0:50:LR_Snare Hit.wav
448,192,96576,1,0,0:0:0:70:LR_Kick Hard Fast.wav
320,192,96576,1,0,0:0:0:0:
64,192,96576,1,0,0:0:0:70:LR3_Snare WRH.wav
64,192,96701,1,0,0:0:0:50:LR_Snare Hit.wav
448,192,96826,1,0,0:0:0:70:LR_Kick Hard Fast.wav
320,192,96826,1,0,0:0:0:70:LR3_Snare WRH.wav
192,192,96826,1,0,0:0:0:0:
192,192,96951,1,0,0:0:0:50:LR_Snare Hit.wav
320,192,97076,1,0,0:0:0:70:LR3_Snare WRH.wav
64,192,97076,1,0,0:0:0:0:
448,192,97076,1,0,0:0:0:70:LR_Kick Hard Fast.wav
192,192,97201,1,0,0:0:0:50:LR_Snare Hit.wav
320,192,97263,1,0,0:0:0:50:LR_Snare Hit.wav
448,192,97326,1,0,0:0:0:70:LR_Kick Hard Fast.wav
192,192,97326,1,0,0:0:0:0:
64,192,97326,1,0,0:0:0:70:LR3_Snare WRH.wav
320,192,97451,1,0,0:0:0:50:LR_Snare Hit.wav
448,192,97576,1,0,0:0:0:70:LR_Kick Hard Fast.wav
64,192,97576,1,0,0:0:0:70:LR3_Snare WRH.wav
192,192,97576,1,0,0:0:0:0:
448,192,97701,1,0,0:0:0:70:LR_Kick Hard Fast.wav
64,192,97701,1,0,0:0:0:70:LR3_Snare WRH.wav
192,192,97701,1,0,0:0:0:0:
448,192,97826,1,0,0:0:0:70:LR_Kick Hard Fast.wav
64,192,97826,1,0,0:0:0:70:LR3_Snare WRH.wav
320,192,97826,1,0,0:0:0:0:
320,192,97951,1,0,0:0:0:50:LR_Snare Hit.wav
448,192,98076,1,0,0:0:0:70:LR_Kick Hard Fast.wav
192,192,98076,1,0,0:0:0:0:
64,192,98076,1,0,0:0:0:70:LR3_Snare WRH.wav
192,192,98201,1,0,0:0:0:50:LR_Snare Hit.wav
448,192,98326,1,0,0:0:0:70:LR_Kick Hard Fast.wav
320,192,98326,1,0,0:0:0:0:
64,192,98326,1,0,0:0:0:70:LR3_Snare WRH.wav
192,192,98451,1,0,0:0:0:0:
320,192,98513,1,0,0:0:0:0:
64,192,98576,1,0,0:0:0:50:LR_Snare Hit.wav
448,192,98638,1,0,0:0:0:50:LR_Snare Hit.wav
64,192,98701,1,0,0:0:0:50:LR_Snare Hit.wav
448,192,98763,1,0,0:0:0:50:LR_Snare Hit.wav
64,192,98826,128,0,99263:0:0:0:30:cymbol.wav
192,192,98826,1,0,0:0:0:70:LR_Kick Hard Fast.wav
320,192,98826,1,0,0:0:0:0:
448,192,98951,1,0,0:0:0:0:
192,192,99076,1,0,0:0:0:0:
320,192,99201,1,0,0:0:0:0:
64,192,99326,128,0,99763:0:0:0:30:cymbol.wav
448,192,99326,128,0,99763:0:0:0:0:
192,192,99326,1,0,0:0:0:70:LR_Kick Hard Fast.wav
448,192,99826,128,0,100263:0:0:0:0:
192,192,99826,1,0,0:0:0:70:LR_Kick Hard Fast.wav
64,192,99826,1,0,0:0:0:30:cymbol.wav
320,192,99826,1,0,0:0:0:30:cymbol.wav
448,192,100326,128,0,100763:0:0:0:0:
192,192,100326,1,0,0:0:0:70:LR_Kick Hard Fast.wav
64,192,100326,1,0,0:0:0:0:
448,192,100826,1,0,0:0:0:0:
320,192,100826,1,0,0:0:0:70:LR_Kick Hard Fast.wav
64,192,100826,128,0,101076:0:0:0:0:
192,192,101201,1,0,0:0:0:70:LR_Kick Hard Fast.wav
64,192,101201,1,0,0:0:0:0:
448,192,101326,128,0,101451:0:0:0:0:
320,192,101326,1,0,0:0:0:70:LR_Kick Hard Fast.wav
192,192,101576,1,0,0:0:0:70:LR_Kick Hard Fast.wav
64,192,101576,1,0,0:0:0:0:
192,192,101826,1,0,0:0:0:70:LR_Kick Hard Fast.wav
64,192,101826,1,0,0:0:0:0:
320,192,102013,1,0,0:0:0:0:
448,192,102013,1,0,0:0:0:70:LR_Kick Hard Fast.wav
448,192,102076,1,0,0:0:0:70:LR_Kick Hard Fast.wav
64,192,102076,1,0,0:0:0:0:
192,192,102326,1,0,0:0:0:70:LR_Kick Hard Fast.wav
64,192,102326,128,0,102576:0:0:0:0:
320,192,102576,1,0,0:0:0:0:
192,192,102638,5,0,0:0:0:0:
320,192,102701,1,0,0:0:0:0:
192,192,102763,1,0,0:0:0:0:
448,192,102826,128,0,103263:0:0:0:0:
320,192,102826,1,0,0:0:0:70:LR_Kick Hard Fast.wav
448,192,103326,128,0,103763:0:0:0:0:
64,192,103326,1,0,0:0:0:70:LR_Kick Hard Fast.wav
448,192,103826,5,0,0:0:0:30:cymbol.wav
192,192,103826,1,0,0:0:0:70:LR_Kick Hard Fast.wav
64,192,103826,1,0,0:0:0:0:
320,192,103826,1,0,0:0:0:0:
64,192,104076,1,0,0:0:0:0:
192,192,104076,1,0,0:0:0:70:LR_Kick Hard Fast.wav
320,192,104076,1,0,0:0:0:0:
448,192,104076,1,0,0:0:0:0:
64,192,104326,1,0,0:0:0:0:
192,192,104326,1,0,0:0:0:70:LR_Kick Hard Fast.wav
320,192,104326,1,0,0:0:0:0:
448,192,104326,1,0,0:0:0:0:
192,192,104576,1,0,0:0:0:70:LR_Kick Hard Fast.wav
64,192,104576,1,0,0:0:0:0:
448,192,104576,1,0,0:0:0:0:
320,192,104576,1,0,0:0:0:0:
448,192,104826,1,0,0:0:0:0:
320,192,104826,1,0,0:0:0:0:
192,192,104826,1,0,0:0:0:70:LR_Kick Hard Fast.wav
64,192,104826,1,0,0:0:0:0:
192,192,105076,1,0,0:0:0:70:LR_Kick Hard Fast.wav
64,192,105076,1,0,0:0:0:0:
448,192,105076,1,0,0:0:0:0:
320,192,105076,1,0,0:0:0:0:
448,192,105326,1,0,0:0:0:0:
320,192,105326,1,0,0:0:0:0:
192,192,105326,1,0,0:0:0:70:LR_Kick Hard Fast.wav
64,192,105326,1,0,0:0:0:0:
192,192,105576,1,0,0:0:0:70:LR_Kick Hard Fast.wav
64,192,105576,1,0,0:0:0:0:
448,192,105576,1,0,0:0:0:0:
320,192,105576,1,0,0:0:0:0:
320,192,105763,1,0,0:0:0:70:LR_Kick Hard Fast.wav
448,192,105763,1,0,0:0:0:50:LR_Snare Hit.wav
448,192,105826,1,0,0:0:0:50:LR_Snare Hit.wav
192,192,105826,1,0,0:0:0:0:
64,192,105826,1,0,0:0:0:70:LR_Kick Hard Fast.wav
448,192,105951,1,0,0:0:0:50:LR_Snare Hit.wav
192,192,105951,1,0,0:0:0:0:
64,192,105951,1,0,0:0:0:70:LR_Kick Hard Fast.wav
64,192,106076,1,0,0:0:0:70:LR_Kick Hard Fast.wav
448,192,106076,1,0,0:0:0:50:LR_Snare Hit.wav
192,192,106076,1,0,0:0:0:0:
64,192,106201,1,0,0:0:0:70:LR_Kick Hard Fast.wav
448,192,106201,1,0,0:0:0:50:LR_Snare Hit.wav
192,192,106201,1,0,0:0:0:0:
448,192,106326,1,0,0:0:0:50:LR_Snare Hit.wav
320,192,106326,1,0,0:0:0:0:
64,192,106326,1,0,0:0:0:70:LR_Kick Hard Fast.wav
320,192,106451,1,0,0:0:0:0:
448,192,106451,1,0,0:0:0:50:LR_Snare Hit.wav
64,192,106451,1,0,0:0:0:70:LR_Kick Hard Fast.wav
192,192,106576,1,0,0:0:0:70:LR_Kick Hard Fast.wav
320,192,106576,1,0,0:0:0:0:
448,192,106576,1,0,0:0:0:50:LR_Snare Hit.wav
448,192,106701,5,0,0:0:0:50:LR_Snare Hit.wav
320,192,106701,1,0,0:0:0:0:
192,192,106701,1,0,0:0:0:70:LR_Kick Hard Fast.wav
320,192,107326,128,0,107388:0:0:0:0:
192,192,107388,128,0,107451:0:0:0:0:
320,192,107451,128,0,107513:0:0:0:0:
192,192,107513,128,0,107576:0:0:0:0:
320,192,107576,128,0,107826:0:0:0:0:
64,192,107826,5,0,0:0:0:70:LR_Snare Hit.wav
448,192,107826,128,0,108576:0:0:0:0:
192,192,107888,1,0,0:0:0:70:LR_Snare Hit.wav
320,192,107951,1,0,0:0:0:70:LR_Snare Hit.wav
64,192,108013,1,0,0:0:0:70:LR_Snare Hit.wav
192,192,108076,1,0,0:0:0:70:LR_Snare Hit.wav
320,192,108138,1,0,0:0:0:70:LR_Snare Hit.wav
64,192,108201,1,0,0:0:0:70:LR_Snare Hit.wav
192,192,108263,1,0,0:0:0:70:LR_Snare Hit.wav
320,192,108326,1,0,0:0:0:70:LR_Snare Hit.wav
64,192,108388,1,0,0:0:0:70:LR_Snare Hit.wav
192,192,108451,1,0,0:0:0:70:LR_Snare Hit.wav
320,192,108513,1,0,0:0:0:70:LR_Snare Hit.wav
64,192,108576,128,0,108701:0:0:0:0:
192,192,108701,128,0,108826:0:0:0:0:
448,192,108826,1,0,0:0:0:70:LR_Snare Hit.wav
64,192,108826,128,0,109576:0:0:0:0:
320,192,108888,1,0,0:0:0:70:LR_Snare Hit.wav
192,192,108951,1,0,0:0:0:70:LR_Snare Hit.wav
448,192,109013,1,0,0:0:0:70:LR_Snare Hit.wav
320,192,109076,1,0,0:0:0:70:LR_Snare Hit.wav
192,192,109138,1,0,0:0:0:70:LR_Snare Hit.wav
448,192,109201,1,0,0:0:0:70:LR_Snare Hit.wav
320,192,109263,1,0,0:0:0:70:LR_Snare Hit.wav
192,192,109326,1,0,0:0:0:70:LR_Snare Hit.wav
448,192,109388,1,0,0:0:0:70:LR_Snare Hit.wav
320,192,109451,1,0,0:0:0:70:LR_Snare Hit.wav
192,192,109513,1,0,0:0:0:70:LR_Snare Hit.wav
320,192,109576,128,0,109826:0:0:0:0:
448,192,109826,128,0,110576:0:0:0:0:
64,192,109826,1,0,0:0:0:70:LR_Snare Hit.wav
192,192,109888,1,0,0:0:0:70:LR_Snare Hit.wav
320,192,109951,1,0,0:0:0:70:LR_Snare Hit.wav
64,192,110013,1,0,0:0:0:70:LR_Snare Hit.wav
192,192,110076,1,0,0:0:0:70:LR_Snare Hit.wav
320,192,110138,1,0,0:0:0:70:LR_Snare Hit.wav
64,192,110201,1,0,0:0:0:70:LR_Snare Hit.wav
192,192,110263,1,0,0:0:0:70:LR_Snare Hit.wav
320,192,110326,1,0,0:0:0:70:LR_Snare Hit.wav
64,192,110388,1,0,0:0:0:70:LR_Snare Hit.wav
192,192,110451,1,0,0:0:0:70:LR_Snare Hit.wav
320,192,110513,1,0,0:0:0:70:LR_Snare Hit.wav
192,192,110576,128,0,110826:0:0:0:0:
64,192,110826,128,0,111576:0:0:0:0:
448,192,110826,1,0,0:0:0:70:LR_Snare Hit.wav
320,192,110888,1,0,0:0:0:70:LR_Snare Hit.wav
192,192,110951,1,0,0:0:0:70:LR_Snare Hit.wav
448,192,111013,1,0,0:0:0:70:LR_Snare Hit.wav
320,192,111076,1,0,0:0:0:70:LR_Snare Hit.wav
192,192,111138,1,0,0:0:0:70:LR_Snare Hit.wav
448,192,111201,1,0,0:0:0:70:LR_Snare Hit.wav
320,192,111263,1,0,0:0:0:70:LR_Snare Hit.wav
192,192,111326,1,0,0:0:0:70:LR_Snare Hit.wav
448,192,111388,1,0,0:0:0:70:LR_Snare Hit.wav
320,192,111451,1,0,0:0:0:70:LR_Snare Hit.wav
192,192,111513,1,0,0:0:0:70:LR_Snare Hit.wav
448,192,111576,128,0,111701:0:0:0:0:
320,192,111701,128,0,111826:0:0:0:0:
64,192,111826,1,0,0:0:0:70:LR_Snare Hit.wav
448,192,111888,1,0,0:0:0:70:LR_Snare Hit.wav
64,192,111951,1,0,0:0:0:70:LR_Snare Hit.wav
448,192,112013,1,0,0:0:0:70:LR_Snare Hit.wav
64,192,112076,128,0,112201:0:0:0:0:
192,192,112201,128,0,112326:0:0:0:0:
448,192,112326,1,0,0:0:0:70:LR_Snare Hit.wav
64,192,112388,1,0,0:0:0:70:LR_Snare Hit.wav
448,192,112451,1,0,0:0:0:70:LR_Snare Hit.wav
64,192,112513,1,0,0:0:0:70:LR_Snare Hit.wav
320,192,112576,128,0,112826:0:0:0:0:
64,192,112826,1,0,0:0:0:70:LR_Snare Hit.wav
448,192,112888,1,0,0:0:0:70:LR_Snare Hit.wav
192,192,112951,128,0,113201:0:0:0:0:
448,192,113076,128,0,113201:0:0:0:0:
64,192,113201,128,0,113451:0:0:0:0:
320,192,113326,128,0,113451:0:0:0:0:
448,192,113451,128,0,113701:0:0:0:0:
192,192,113576,128,0,113701:0:0:0:0:
64,192,113701,128,0,113826:0:0:0:0:
192,192,113826,1,0,0:0:0:70:LR_Snare Hit.wav
320,192,113888,1,0,0:0:0:70:LR_Snare Hit.wav
448,192,113951,128,0,114076:0:0:0:0:
320,192,114076,1,0,0:0:0:70:LR_Snare Hit.wav
192,192,114138,1,0,0:0:0:70:LR_Snare Hit.wav
64,192,114201,128,0,114326:0:0:0:0:
448,192,114326,1,0,0:0:0:70:LR_Snare Hit.wav
320,192,114388,1,0,0:0:0:70:LR_Snare Hit.wav
64,192,114451,1,0,0:0:0:70:LR_Snare Hit.wav
192,192,114513,1,0,0:0:0:70:LR_Snare Hit.wav
448,192,114576,128,0,114701:0:0:0:0:
320,192,114701,1,0,0:0:0:70:LR_Snare Hit.wav
192,192,114763,1,0,0:0:0:70:LR_Snare Hit.wav
64,192,114826,128,0,114951:0:0:0:0:
448,192,114951,1,0,0:0:0:70:LR_Snare Hit.wav
320,192,115013,1,0,0:0:0:70:LR_Snare Hit.wav
64,192,115076,1,0,0:0:0:70:LR_Snare Hit.wav
192,192,115138,1,0,0:0:0:70:LR_Snare Hit.wav
320,192,115201,128,0,115326:0:0:0:0:
64,192,115326,1,0,0:0:0:70:LR_Snare Hit.wav
448,192,115388,1,0,0:0:0:70:LR_Snare Hit.wav
192,192,115451,128,0,115576:0:0:0:0:
448,192,115576,1,0,0:0:0:70:LR_Snare Hit.wav
64,192,115638,1,0,0:0:0:70:LR_Snare Hit.wav
320,192,115701,128,0,115826:0:0:0:0:
192,192,115826,1,0,0:0:0:100:LR_Kick Normal .wav
64,192,115826,1,0,0:0:0:0:
320,192,115888,1,0,0:0:0:100:LR_Kick Normal .wav
448,192,115888,1,0,0:0:0:0:
192,192,115951,1,0,0:0:0:100:LR_Kick Normal .wav
64,192,115951,1,0,0:0:0:0:
320,192,116013,1,0,0:0:0:100:LR_Kick Normal .wav
448,192,116013,1,0,0:0:0:0:
192,192,116076,1,0,0:0:0:100:LR_Kick Normal .wav
64,192,116076,1,0,0:0:0:0:
320,192,116138,1,0,0:0:0:100:LR_Kick Normal .wav
448,192,116138,1,0,0:0:0:0:
192,192,116201,1,0,0:0:0:100:LR_Kick Normal .wav
64,192,116201,1,0,0:0:0:0:
320,192,116263,1,0,0:0:0:100:LR_Kick Normal .wav
448,192,116263,1,0,0:0:0:0:
192,192,116326,1,0,0:0:0:100:LR_Kick Normal .wav
64,192,116326,1,0,0:0:0:0:
320,192,116388,1,0,0:0:0:100:LR_Kick Normal .wav
448,192,116388,1,0,0:0:0:0:
192,192,116451,1,0,0:0:0:100:LR_Kick Normal .wav
64,192,116451,1,0,0:0:0:0:
320,192,116513,1,0,0:0:0:100:LR_Kick Normal .wav
448,192,116513,1,0,0:0:0:0:
192,192,116576,1,0,0:0:0:100:LR_Kick Normal .wav
64,192,116576,1,0,0:0:0:0:
320,192,116638,1,0,0:0:0:100:LR_Kick Normal .wav
448,192,116638,1,0,0:0:0:0:
192,192,116701,1,0,0:0:0:100:LR_Kick Normal .wav
64,192,116701,1,0,0:0:0:0:
320,192,116763,1,0,0:0:0:100:LR_Kick Normal .wav
448,192,116763,1,0,0:0:0:0:
192,192,116826,1,0,0:0:0:100:LR_Kick Normal .wav
64,192,116826,1,0,0:0:0:0:
448,192,116888,1,0,0:0:0:0:
320,192,116888,1,0,0:0:0:100:LR_Kick Normal .wav
64,192,116951,1,0,0:0:0:0:
192,192,116951,1,0,0:0:0:100:LR_Kick Normal .wav
320,192,117013,1,0,0:0:0:100:LR_Kick Normal .wav
448,192,117013,1,0,0:0:0:0:
64,192,117076,1,0,0:0:0:0:
192,192,117076,1,0,0:0:0:100:LR_Kick Normal .wav
320,192,117138,1,0,0:0:0:100:LR_Kick Normal .wav
448,192,117138,1,0,0:0:0:0:
192,192,117201,1,0,0:0:0:100:LR_Kick Normal .wav
64,192,117201,1,0,0:0:0:0:
448,192,117263,1,0,0:0:0:0:
320,192,117263,1,0,0:0:0:100:LR_Kick Normal .wav
192,192,117326,1,0,0:0:0:100:LR_Kick Normal .wav
64,192,117326,1,0,0:0:0:0:
320,192,117388,1,0,0:0:0:100:LR_Kick Normal .wav
448,192,117388,1,0,0:0:0:0:
64,192,117451,1,0,0:0:0:0:
192,192,117451,1,0,0:0:0:100:LR_Kick Normal .wav
320,192,117513,1,0,0:0:0:0:
448,192,117513,1,0,0:0:0:0:
192,192,117576,1,0,0:0:0:100:LR_Kick Normal .wav
64,192,117576,1,0,0:0:0:0:
320,192,117638,1,0,0:0:0:100:LR_Kick Normal .wav
192,192,117701,1,0,0:0:0:100:LR_Kick Normal .wav
320,192,117763,1,0,0:0:0:100:LR_Kick Normal .wav
192,192,117826,1,0,0:0:0:100:LR_Kick Normal .wav
320,192,117888,1,0,0:0:0:100:LR_Kick Normal .wav
192,192,117951,1,0,0:0:0:100:LR_Kick Normal .wav
320,192,118013,1,0,0:0:0:100:LR_Kick Normal .wav
192,192,118076,1,0,0:0:0:100:LR_Kick Normal .wav
320,192,118138,1,0,0:0:0:100:LR_Kick Normal .wav
192,192,118201,1,0,0:0:0:100:LR_Kick Normal .wav
320,192,118263,1,0,0:0:0:100:LR_Kick Normal .wav
64,192,118326,1,0,0:0:0:0:
192,192,118326,1,0,0:0:0:100:LR_Kick Normal .wav
320,192,118388,1,0,0:0:0:100:LR_Kick Normal .wav
64,192,118451,1,0,0:0:0:0:
192,192,118451,1,0,0:0:0:100:LR_Kick Normal .wav
320,192,118513,1,0,0:0:0:100:LR_Kick Normal .wav
64,192,118576,1,0,0:0:0:0:
192,192,118576,1,0,0:0:0:100:LR_Kick Normal .wav
320,192,118638,1,0,0:0:0:100:LR_Kick Normal .wav
64,192,118701,1,0,0:0:0:0:
192,192,118701,1,0,0:0:0:100:LR_Kick Normal .wav
320,192,118763,1,0,0:0:0:100:LR_Kick Normal .wav
64,192,118826,1,0,0:0:0:0:
192,192,118826,1,0,0:0:0:100:LR_Kick Normal .wav
320,192,118888,1,0,0:0:0:100:LR_Kick Normal .wav
64,192,118951,1,0,0:0:0:0:
192,192,118951,1,0,0:0:0:100:LR_Kick Normal .wav
320,192,119013,1,0,0:0:0:100:LR_Kick Normal .wav
64,192,119076,1,0,0:0:0:0:
192,192,119076,1,0,0:0:0:100:LR_Kick Normal .wav
320,192,119138,1,0,0:0:0:100:LR_Kick Normal .wav
64,192,119201,1,0,0:0:0:0:
192,192,119201,1,0,0:0:0:100:LR_Kick Normal .wav
320,192,119263,1,0,0:0:0:100:LR_Kick Normal .wav
64,192,119326,1,0,0:0:0:0:
192,192,119326,1,0,0:0:0:100:LR_Kick Normal .wav
320,192,119388,1,0,0:0:0:100:LR_Kick Normal .wav
64,192,119451,1,0,0:0:0:0:
192,192,119451,1,0,0:0:0:100:LR_Kick Normal .wav
320,192,119513,1,0,0:0:0:100:LR_Kick Normal .wav
64,192,119576,1,0,0:0:0:0:
192,192,119576,1,0,0:0:0:100:LR_Kick Normal .wav
320,192,119638,1,0,0:0:0:100:LR_Kick Normal .wav
64,192,119701,1,0,0:0:0:0:
192,192,119701,1,0,0:0:0:100:LR_Kick Normal .wav
320,192,119763,1,0,0:0:0:100:LR_Kick Normal .wav
64,192,119826,1,0,0:0:0:0:
192,192,119826,1,0,0:0:0:100:LR_Kick Normal .wav
320,192,119888,1,0,0:0:0:100:LR_Kick Normal .wav
64,192,119951,1,0,0:0:0:0:
192,192,119951,1,0,0:0:0:100:LR_Kick Normal .wav
320,192,120013,1,0,0:0:0:100:LR_Kick Normal .wav
64,192,120076,1,0,0:0:0:0:
192,192,120076,1,0,0:0:0:100:LR_Kick Normal .wav
320,192,120138,1,0,0:0:0:100:LR_Kick Normal .wav
64,192,120201,1,0,0:0:0:0:
192,192,120201,1,0,0:0:0:100:LR_Kick Normal .wav
448,192,120263,1,0,0:0:0:100:LR_Kick Normal .wav
64,192,120326,1,0,0:0:0:0:
192,192,120326,1,0,0:0:0:100:LR_Kick Normal .wav
448,192,120388,1,0,0:0:0:100:LR_Kick Normal .wav
64,192,120451,1,0,0:0:0:0:
192,192,120451,1,0,0:0:0:100:LR_Kick Normal .wav
448,192,120513,1,0,0:0:0:100:LR_Kick Normal .wav
64,192,120576,1,0,0:0:0:0:
192,192,120576,1,0,0:0:0:100:LR_Kick Normal .wav
448,192,120638,1,0,0:0:0:100:LR_Kick Normal .wav
64,192,120701,1,0,0:0:0:0:
192,192,120701,1,0,0:0:0:100:LR_Kick Normal .wav
448,192,120763,1,0,0:0:0:100:LR_Kick Normal .wav
64,192,120826,1,0,0:0:0:0:
192,192,120826,1,0,0:0:0:100:LR_Kick Normal .wav
448,192,120888,1,0,0:0:0:100:LR_Kick Normal .wav
64,192,120951,1,0,0:0:0:0:
192,192,120951,1,0,0:0:0:100:LR_Kick Normal .wav
448,192,121013,1,0,0:0:0:100:LR_Kick Normal .wav
192,192,121076,1,0,0:0:0:60:LR_Kick Normal .wav
448,192,121138,1,0,0:0:0:60:LR_Kick Normal .wav
192,192,121201,1,0,0:0:0:40:LR_Kick Normal .wav
448,192,121263,1,0,0:0:0:40:LR_Kick Normal .wav
192,192,121326,1,0,0:0:0:20:LR_Kick Normal .wav
448,192,121388,1,0,0:0:0:20:LR_Kick Normal .wav
192,192,121451,1,0,0:0:0:20:LR_Kick Normal .wav
320,192,121507,1,0,0:0:0:30:LR_Hat Normal.wav
64,192,121742,1,0,0:0:0:30:C#5S_Db5S_s.wav
192,192,121859,1,0,0:0:0:30:LR_Hat Normal.wav
448,192,121859,1,0,0:0:0:30:D#5S_Eb5S_s.wav
64,192,122095,1,0,0:0:0:30:F5S_s.wav
448,192,122212,1,0,0:0:0:50:C#4S_Db4S_s.wav
64,192,122447,1,0,0:0:0:30:LR_Snare Hit.wav
192,192,122447,1,0,0:0:0:50:F#4S_Gb4S_s.wav
448,192,122564,1,0,0:0:0:50:F#3S_Gb3S_s.wav
448,192,122800,1,0,0:0:0:30:LR_Snare Hit.wav
192,192,122800,1,0,0:0:0:50:F#4S_Gb4S_s.wav
64,192,122917,1,0,0:0:0:50:A#3S_Bb3S_s.wav
64,192,123153,1,0,0:0:0:30:LR_Snare Hit.wav
320,192,123153,1,0,0:0:0:50:F#4S_Gb4S_s.wav
320,192,123270,1,0,0:0:0:50:F#3S_Gb3S_s.wav
448,192,123506,1,0,0:0:0:50:A#3S_Bb3S_s.wav
320,192,123506,1,0,0:0:0:30:LR_Snare Hit.wav
192,192,123623,1,0,0:0:0:50:C#4S_Db4S_s.wav
192,192,123859,1,0,0:0:0:30:LR_Snare Hit.wav
64,192,123859,1,0,0:0:0:50:A#3S_Bb3S_s.wav
320,192,123976,1,0,0:0:0:50:F#3S_Gb3S_s.wav
320,192,124212,1,0,0:0:0:30:LR_Snare Hit.wav
64,192,124212,1,0,0:0:0:50:F#4S_Gb4S_s.wav
448,192,124329,1,0,0:0:0:100:LR_Kick Normal .wav
448,192,124564,1,0,0:0:0:30:LR_Snare Hit.wav
192,192,124564,1,0,0:0:0:50:A#3S_Bb3S_s.wav
64,192,124682,1,0,0:0:0:50:G#3S_Ab3S_s.wav
64,192,124917,1,0,0:0:0:30:LR_Snare Hit.wav
192,192,124917,1,0,0:0:0:50:F#4S_Gb4S_s.wav
448,192,125035,1,0,0:0:0:50:C#4S_Db4S_s.wav
448,192,125270,1,0,0:0:0:30:LR_Snare Hit.wav
320,192,125270,1,0,0:0:0:50:F#4S_Gb4S_s.wav
64,192,125388,1,0,0:0:0:50:F#3S_Gb3S_s.wav
64,192,125623,1,0,0:0:0:30:LR_Snare Hit.wav
320,192,125623,1,0,0:0:0:50:F#4S_Gb4S_s.wav
448,192,125741,1,0,0:0:0:50:A#3S_Bb3S_s.wav
192,192,125976,1,0,0:0:0:50:F#4S_Gb4S_s.wav
448,192,125976,1,0,0:0:0:30:LR_Snare Hit.wav
192,192,126094,1,0,0:0:0:50:F#3S_Gb3S_s.wav
320,192,126329,1,0,0:0:0:50:A#3S_Bb3S_s.wav
192,192,126329,1,0,0:0:0:30:LR_Snare Hit.wav
64,192,126447,1,0,0:0:0:50:C#4S_Db4S_s.wav
64,192,126682,1,0,0:0:0:30:LR_Snare Hit.wav
448,192,126682,1,0,0:0:0:50:A#3S_Bb3S_s.wav
320,192,126800,1,0,0:0:0:50:F#3S_Gb3S_s.wav
320,192,127035,1,0,0:0:0:30:LR_Snare Hit.wav
64,192,127035,1,0,0:0:0:50:F#4S_Gb4S_s.wav
192,192,127153,1,0,0:0:0:100:LR_Kick Normal .wav
64,192,127388,1,0,0:0:0:50:A#3S_Bb3S_s.wav
192,192,127388,1,0,0:0:0:30:LR_Snare Hit.wav
64,192,127506,1,0,0:0:0:50:LR_Snare Hit.wav
448,192,127506,1,0,0:0:0:30:F5S_s.wav
320,192,127506,1,0,0:0:0:50:G#3S_Ab3S_s.wav
448,192,127741,1,0,0:0:0:30:LR_Snare Hit.wav
320,192,127741,1,0,0:0:0:50:A#3S_Bb3S_s.wav
192,192,127859,1,0,0:0:0:50:D#3S_Eb3S_s.wav
192,192,128094,1,0,0:0:0:30:LR_Snare Hit.wav
448,192,128094,1,0,0:0:0:50:B4S_s.wav
64,192,128212,1,0,0:0:0:50:G#3S_Ab3S_s.wav
64,192,128447,1,0,0:0:0:30:LR_Snare Hit.wav
448,192,128447,1,0,0:0:0:50:B4S_s.wav
320,192,128564,1,0,0:0:0:50:B3S_s.wav
192,192,128800,1,0,0:0:0:50:B4S_s.wav
320,192,128800,1,0,0:0:0:30:LR_Snare Hit.wav
448,192,128917,1,0,0:0:0:50:G#3S_Ab3S_s.wav
64,192,129175,1,0,0:0:0:50:B4S_s.wav
448,192,129175,1,0,0:0:0:30:LR_Snare Hit.wav
192,192,129304,1,0,0:0:0:50:D#3S_Eb3S_s.wav
192,192,129570,1,0,0:0:0:30:LR_Snare Hit.wav
448,192,129570,1,0,0:0:0:50:G#3S_Ab3S_s.wav
320,192,129704,1,0,0:0:0:50:B4S_s.wav
448,192,129970,1,0,0:0:0:50:B4S_s.wav
320,192,129970,1,0,0:0:0:30:LR_Snare Hit.wav
64,192,129970,1,0,0:0:0:50:B3S_s.wav
192,192,130104,1,0,0:0:0:100:LR_Kick Normal .wav
192,192,130370,1,0,0:0:0:25:LR_Snare Hit.wav
320,192,130370,1,0,0:0:0:25:LR_Snare Hit.wav
64,192,130504,1,0,0:0:0:50:G#3S_Ab3S_s.wav
320,192,130504,1,0,0:0:0:50:LR_Snare Hit.wav
448,192,130504,1,0,0:0:0:50:B4S_s.wav
192,192,130770,1,0,0:0:0:25:LR_Snare Hit.wav
320,192,130770,1,0,0:0:0:25:LR_Snare Hit.wav
192,192,130904,1,0,0:0:0:100:LR_Kick Normal .wav
64,192,130904,1,0,0:0:0:50:A#3S_Bb3S_s.wav
448,192,130904,1,0,0:0:0:30:cymbol.wav
192,192,131746,1,0,0:0:0:50:B3S_s.wav
448,192,131746,1,0,0:0:0:30:cymbol.wav
320,192,131746,1,0,0:0:0:100:LR_Kick Normal .wav
448,192,132207,1,0,0:0:0:30:G#5S_Ab5S_s.wav
64,192,132438,1,0,0:0:0:50:C#4S_Db4S_s.wav
320,192,132438,1,0,0:0:0:30:cymbol.wav
192,192,132438,1,0,0:0:0:100:LR_Kick Normal .wav
64,192,133101,1,0,0:0:0:0:
448,192,133130,1,0,0:0:0:0:
320,192,133130,1,0,0:0:0:50:G#4S_Ab4S_s.wav
448,192,133592,1,0,0:0:0:50:LR_Tom Hit 3.wav
192,192,133592,1,0,0:0:0:50:D#5S_Eb5S_s.wav
320,192,133746,1,0,0:0:0:50:LR_Tom Hit 3.wav
192,192,133899,1,0,0:0:0:50:LR_Tom Hit 3.wav
64,192,134053,1,0,0:0:0:50:F5S_s.wav
320,192,134053,1,0,0:0:0:50:LR_Tom Hit 3.wav
192,192,134219,1,0,0:0:0:50:LR_Tom Hit 3.wav
320,192,134386,1,0,0:0:0:50:LR_Tom Hit 3.wav
64,192,134553,1,0,0:0:0:50:D#5S_Eb5S_s.wav
448,192,134553,1,0,0:0:0:30:cymbol.wav
192,192,134553,1,0,0:0:0:100:LR_Kick Normal .wav
192,192,135273,1,0,0:0:0:30:LR_Hat Normal.wav
448,192,135393,1,0,0:0:0:30:LR_Hat Normal.wav
192,192,135483,1,0,0:0:0:30:LR_Hat Normal.wav
448,192,135574,1,0,0:0:0:30:LR_Hat Normal.wav
448,192,135897,1,0,0:0:0:30:LR_Hat Normal.wav
448,192,136316,1,0,0:0:0:30:LR_Hat Normal.wav
320,192,136955,1,0,0:0:0:30:LR_Hat Normal.wav
320,192,137575,1,0,0:0:0:30:LR_Hat Normal.wav
64,192,138550,1,0,0:0:0:50:D#5S_Eb5S_s.wav
192,192,138550,1,0,0:0:0:100:LR_Kick Normal .wav
448,192,138550,1,0,0:0:0:30:cymbol.wav
