osu file format v14

[General]
AudioFilename: Rob Gasser - Elysium Original Mix FREE DOWNLOAD.mp3
AudioLeadIn: 0
PreviewTime: 67785
Countdown: 0
SampleSet: Normal
StackLeniency: 0.7
Mode: 3
LetterboxInBreaks: 1
SpecialStyle: 0
WidescreenStoryboard: 0

[Editor]
DistanceSpacing: 1.2
BeatDivisor: 8
GridSize: 4
TimelineZoom: 1.5

[Metadata]
Title:Elysium
TitleUnicode:Elysium
Artist:Rob Gasser
ArtistUnicode:Rob Gasser
Creator:LuigiClaren
Version:Heavenly Paradise
Source:
Tags:rob gasser elysium heavenly paradise
BeatmapID:1357030
BeatmapSetID:639878

[Difficulty]
HPDrainRate:8.5
CircleSize:4
OverallDifficulty:8
ApproachRate:5
SliderMultiplier:1.4
SliderTickRate:1

[Events]
//Background and Video events
0,0,"Elysium.jpg",0,0
//Break Periods
//Storyboard Layer 0 (Background)
//Storyboard Layer 1 (Fail)
//Storyboard Layer 2 (Pass)
//Storyboard Layer 3 (Foreground)
//Storyboard Sound Samples

[TimingPoints]
43,352.941176470588,4,1,0,0,1,0
9748,-80,4,1,0,0,0,0
9925,-133.333333333333,4,1,0,0,0,0
10101,-80,4,1,0,0,0,0
10278,-133.333333333333,4,1,0,0,0,0
10454,-80,4,1,0,0,0,0
10631,-133.333333333333,4,1,0,0,0,0
10807,-80,4,1,0,0,0,0
10984,-133.333333333333,4,1,0,0,0,0
11160,-80,4,1,0,0,0,0
11337,-100,4,1,0,0,0,1
21219,-80,4,1,0,0,0,1
21395,-133.333333333333,4,1,0,0,0,1
21572,-80,4,1,0,0,0,1
21748,-133.333333333333,4,1,0,0,0,1
21925,-80,4,1,0,0,0,1
22101,-133.333333333333,4,1,0,0,0,1
22278,-80,4,1,0,0,0,1
22454,-133.333333333333,4,1,0,0,0,1
22631,-133.333333333333,4,1,0,0,0,0
33042,-100,4,1,0,0,0,0
33925,-25,4,1,0,0,0,0
33969,-200,4,1,0,0,0,0
34278,-25,4,1,0,0,0,0
34322,-200,4,1,0,0,0,0
34631,-25,4,1,0,0,0,0
34675,-200,4,1,0,0,0,0
34984,-25,4,1,0,0,0,0
35028,-200,4,1,0,0,0,0
35337,-25,4,1,0,0,0,0
35381,-200,4,1,0,0,0,0
35690,-25,4,1,0,0,0,0
35734,-200,4,1,0,0,0,0
36042,-25,4,1,0,0,0,0
36087,-200,4,1,0,0,0,0
36395,-25,4,1,0,0,0,0
36440,-200,4,1,0,0,0,0
36748,-25,4,1,0,0,0,0
36792,-200,4,1,0,0,0,0
37101,-25,4,1,0,0,0,0
37145,-200,4,1,0,0,0,0
37454,-25,4,1,0,0,0,0
37498,-200,4,1,0,0,0,0
37807,-25,4,1,0,0,0,0
37851,-200,4,1,0,0,0,0
38160,-25,4,1,0,0,0,0
38204,-200,4,1,0,0,0,0
38513,-25,4,1,0,0,0,0
38557,-200,4,1,0,0,0,0
38866,-25,4,1,0,0,0,0
38910,-200,4,1,0,0,0,0
39219,-25,4,1,0,0,0,0
39263,-200,4,1,0,0,0,0
39572,-25,4,1,0,0,0,0
39616,-200,4,1,0,0,0,0
39925,-25,4,1,0,0,0,0
39969,-200,4,1,0,0,0,0
40278,-25,4,1,0,0,0,0
40322,-200,4,1,0,0,0,0
40631,-25,4,1,0,0,0,0
40675,-200,4,1,0,0,0,0
40984,-25,4,1,0,0,0,0
41028,-200,4,1,0,0,0,0
41337,-25,4,1,0,0,0,0
41381,-200,4,1,0,0,0,0
41690,-25,4,1,0,0,0,0
41734,-200,4,1,0,0,0,0
42042,-25,4,1,0,0,0,0
42087,-200,4,1,0,0,0,0
42395,-111.111111111111,4,1,0,0,0,0
42748,-142.857142857143,4,1,0,0,0,0
43101,-200,4,1,0,0,0,0
43454,-333.333333333333,4,1,0,0,0,0
43807,-1000,4,1,0,0,0,0
44513,-10,4,1,0,0,0,0
44557,-200,4,1,0,0,0,0
44866,-66.6666666666667,4,1,0,0,0,0
44910,-1000,4,1,0,0,0,0
44954,-66.6666666666667,4,1,0,0,0,0
44998,-1000,4,1,0,0,0,0
45042,-66.6666666666667,4,1,0,0,0,0
45087,-1000,4,1,0,0,0,0
45175,-52.6315789473684,4,1,0,0,0,0
45219,-100,4,1,0,0,0,0
64984,-66.6666666666667,4,1,0,0,0,0
65072,-1000,4,1,0,0,0,0
65160,-66.6666666666667,4,1,0,0,0,0
65248,-1000,4,1,0,0,0,0
65337,-66.6666666666667,4,1,0,0,0,0
65425,-1000,4,1,0,0,0,0
65513,-66.6666666666667,4,1,0,0,0,0
65601,-1000,4,1,0,0,0,0
65690,-66.6666666666667,4,1,0,0,0,0
65734,-1000,4,1,0,0,0,0
65778,-66.6666666666667,4,1,0,0,0,0
65822,-1000,4,1,0,0,0,0
65866,-66.6666666666667,4,1,0,0,0,0
65910,-1000,4,1,0,0,0,0
65954,-66.6666666666667,4,1,0,0,0,0
65998,-1000,4,1,0,0,0,0
66042,-66.6666666666667,4,1,0,0,0,0
66087,-1000,4,1,0,0,0,0
66131,-66.6666666666667,4,1,0,0,0,0
66175,-1000,4,1,0,0,0,0
66219,-66.6666666666667,4,1,0,0,0,0
66263,-1000,4,1,0,0,0,0
66307,-66.6666666666667,4,1,0,0,0,0
66351,-1000,4,1,0,0,0,0
66395,-66.6666666666667,4,1,0,0,0,0
66417,-1000,4,1,0,0,0,0
66440,-66.6666666666667,4,1,0,0,0,0
66462,-1000,4,1,0,0,0,0
66484,-66.6666666666667,4,1,0,0,0,0
66506,-1000,4,1,0,0,0,0
66528,-66.6666666666667,4,1,0,0,0,0
66550,-1000,4,1,0,0,0,0
66572,-66.6666666666667,4,1,0,0,0,0
66594,-1000,4,1,0,0,0,0
66616,-66.6666666666667,4,1,0,0,0,0
66638,-1000,4,1,0,0,0,0
66660,-66.6666666666667,4,1,0,0,0,0
66682,-1000,4,1,0,0,0,0
66704,-66.6666666666667,4,1,0,0,0,0
66726,-1000,4,1,0,0,0,0
66748,-66.6666666666667,4,1,0,0,0,0
66770,-1000,4,1,0,0,0,0
66792,-66.6666666666667,4,1,0,0,0,0
66815,-1000,4,1,0,0,0,0
66837,-66.6666666666667,4,1,0,0,0,0
66859,-1000,4,1,0,0,0,0
66881,-66.6666666666667,4,1,0,0,0,0
66903,-1000,4,1,0,0,0,0
66925,-66.6666666666667,4,1,0,0,0,0
66947,-1000,4,1,0,0,0,0
66969,-66.6666666666667,4,1,0,0,0,0
66991,-1000,4,1,0,0,0,0
67013,-66.6666666666667,4,1,0,0,0,0
67035,-1000,4,1,0,0,0,0
67057,-66.6666666666667,4,1,0,0,0,0
67079,-1000,4,1,0,0,0,0
67101,-66.6666666666667,4,1,0,0,0,0
67123,-1000,4,1,0,0,0,0
67145,-66.6666666666667,4,1,0,0,0,0
67167,-1000,4,1,0,0,0,0
67190,-66.6666666666667,4,1,0,0,0,0
67212,-1000,4,1,0,0,0,0
67234,-66.6666666666667,4,1,0,0,0,0
67256,-1000,4,1,0,0,0,0
67278,-66.6666666666667,4,1,0,0,0,0
67300,-1000,4,1,0,0,0,0
67322,-66.6666666666667,4,1,0,0,0,0
67344,-1000,4,1,0,0,0,0
67366,-66.6666666666667,4,1,0,0,0,0
67388,-1000,4,1,0,0,0,0
67410,-66.6666666666667,4,1,0,0,0,0
67432,-1000,4,1,0,0,0,0
67454,-66.6666666666667,4,1,0,0,0,0
67476,-1000,4,1,0,0,0,0
67498,-66.6666666666667,4,1,0,0,0,0
67520,-1000,4,1,0,0,0,0
67542,-66.6666666666667,4,1,0,0,0,0
67565,-1000,4,1,0,0,0,0
67587,-66.6666666666667,4,1,0,0,0,0
67609,-1000,4,1,0,0,0,0
67631,-66.6666666666667,4,1,0,0,0,0
67653,-1000,4,1,0,0,0,0
67675,-66.6666666666667,4,1,0,0,0,0
67697,-1000,4,1,0,0,0,0
67719,-66.6666666666667,4,1,0,0,0,0
67741,-1000,4,1,0,0,0,0
67763,-66.6666666666667,4,1,0,0,0,0
67785,-1000,4,1,0,0,0,0
67807,-100,4,1,0,0,0,1
77690,-80,4,1,0,0,0,0
77866,-133.333333333333,4,1,0,0,0,0
78042,-80,4,1,0,0,0,0
78219,-133.333333333333,4,1,0,0,0,0
78395,-80,4,1,0,0,0,0
78572,-133.333333333333,4,1,0,0,0,0
78748,-80,4,1,0,0,0,0
78925,-133.333333333333,4,1,0,0,0,0
79101,-100,4,1,0,0,0,1
88984,-80,4,1,0,0,0,0
89160,-133.333333333333,4,1,0,0,0,0
89337,-80,4,1,0,0,0,0
89513,-133.333333333333,4,1,0,0,0,0
89690,-80,4,1,0,0,0,0
89866,-133.333333333333,4,1,0,0,0,0
90042,-80,4,1,0,0,0,0
90219,-133.333333333333,4,1,0,0,0,0
90395,-100,4,1,0,0,0,0
90484,-133.333333333333,4,1,0,0,0,0
90572,-200,4,1,0,0,0,0
90660,-400,4,1,0,0,0,0
90748,-100,4,1,0,0,0,1
100278,-80,4,1,0,0,0,0
100454,-133.333333333333,4,1,0,0,0,0
100631,-80,4,1,0,0,0,0
100807,-133.333333333333,4,1,0,0,0,0
100984,-80,4,1,0,0,0,0
101160,-133.333333333333,4,1,0,0,0,0
101337,-80,4,1,0,0,0,0
101513,-133.333333333333,4,1,0,0,0,0
101690,-100,4,1,0,0,0,1
111572,-80,4,1,0,0,0,1
111748,-133.333333333333,4,1,0,0,0,1
111925,-80,4,1,0,0,0,1
112101,-133.333333333333,4,1,0,0,0,1
112278,-80,4,1,0,0,0,1
112454,-133.333333333333,4,1,0,0,0,1
112631,-80,4,1,0,0,0,1
112807,-133.333333333333,4,1,0,0,0,1
112984,-100,4,1,0,0,0,0
118631,-25,4,1,0,0,0,0
118675,-200,4,1,0,0,0,0
118984,-25,4,1,0,0,0,0
119028,-200,4,1,0,0,0,0
119337,-25,4,1,0,0,0,0
119381,-200,4,1,0,0,0,0
119690,-25,4,1,0,0,0,0
119734,-200,4,1,0,0,0,0
120042,-25,4,1,0,0,0,0
120087,-200,4,1,0,0,0,0
120395,-25,4,1,0,0,0,0
120440,-200,4,1,0,0,0,0
120748,-25,4,1,0,0,0,0
120792,-200,4,1,0,0,0,0
121101,-25,4,1,0,0,0,0
121145,-200,4,1,0,0,0,0
121454,-25,4,1,0,0,0,0
121498,-200,4,1,0,0,0,0
121807,-25,4,1,0,0,0,0
121851,-200,4,1,0,0,0,0
122160,-25,4,1,0,0,0,0
122204,-200,4,1,0,0,0,0
122513,-25,4,1,0,0,0,0
122557,-200,4,1,0,0,0,0
122866,-25,4,1,0,0,0,0
122910,-200,4,1,0,0,0,0
123219,-25,4,1,0,0,0,0
123263,-200,4,1,0,0,0,0
123572,-25,4,1,0,0,0,0
123616,-200,4,1,0,0,0,0
123925,-25,4,1,0,0,0,0
123969,-200,4,1,0,0,0,0
124278,-25,4,1,0,0,0,0
124322,-200,4,1,0,0,0,0
124631,-25,4,1,0,0,0,0
124675,-200,4,1,0,0,0,0
124984,-25,4,1,0,0,0,0
125028,-200,4,1,0,0,0,0
125337,-25,4,1,0,0,0,0
125381,-200,4,1,0,0,0,0
125690,-25,4,1,0,0,0,0
125734,-200,4,1,0,0,0,0
126042,-25,4,1,0,0,0,0
126087,-200,4,1,0,0,0,0
126395,-25,4,1,0,0,0,0
126440,-200,4,1,0,0,0,0
126748,-25,4,1,0,0,0,0
126792,-200,4,1,0,0,0,0
127101,-25,4,1,0,0,0,0
127145,-200,4,1,0,0,0,0
127454,-25,4,1,0,0,0,0
127498,-200,4,1,0,0,0,0
127807,-25,4,1,0,0,0,0
127851,-200,4,1,0,0,0,0
128160,-25,4,1,0,0,0,0
128204,-200,4,1,0,0,0,0
128513,-25,4,1,0,0,0,0
128557,-200,4,1,0,0,0,0
128866,-25,4,1,0,0,0,0
128910,-200,4,1,0,0,0,0
129219,-25,4,1,0,0,0,0
129263,-200,4,1,0,0,0,0
129572,-25,4,1,0,0,0,0
129616,-200,4,1,0,0,0,0
129925,-25,4,1,0,0,0,0
129969,-200,4,1,0,0,0,0
130454,-25,4,1,0,0,0,0
130498,-200,4,1,0,0,0,0
130984,-25,4,1,0,0,0,0
131028,-200,4,1,0,0,0,0
131337,-25,4,1,0,0,0,0
131381,-200,4,1,0,0,0,0
131866,-25,4,1,0,0,0,0
131910,-200,4,1,0,0,0,0
132395,-25,4,1,0,0,0,0
132440,-200,4,1,0,0,0,0
132748,-25,4,1,0,0,0,0
132792,-200,4,1,0,0,0,0
133278,-25,4,1,0,0,0,0
133322,-200,4,1,0,0,0,0
133807,-25,4,1,0,0,0,0
133851,-200,4,1,0,0,0,0
134160,-25,4,1,0,0,0,0
134204,-200,4,1,0,0,0,0
134690,-25,4,1,0,0,0,0
134734,-200,4,1,0,0,0,0
135219,-25,4,1,0,0,0,0
135263,-200,4,1,0,0,0,0
135572,-25,4,1,0,0,0,0
135616,-200,4,1,0,0,0,0
136101,-25,4,1,0,0,0,0
136145,-200,4,1,0,0,0,0
136631,-25,4,1,0,0,0,0
136675,-200,4,1,0,0,0,0
136984,-25,4,1,0,0,0,0
137028,-200,4,1,0,0,0,0
137337,-25,4,1,0,0,0,0
137381,-200,4,1,0,0,0,0
137690,-25,4,1,0,0,0,0
137734,-200,4,1,0,0,0,0
137866,-25,4,1,0,0,0,0
137910,-200,4,1,0,0,0,0
138042,-25,4,1,0,0,0,0
138087,-200,4,1,0,0,0,0
138395,-111.111111111111,4,1,0,0,0,0
138748,-142.857142857143,4,1,0,0,0,0
139101,-200,4,1,0,0,0,0
139454,-333.333333333333,4,1,0,0,0,0
139807,-1000,4,1,0,0,0,0
140513,-10,4,1,0,0,0,0
140557,-200,4,1,0,0,0,0
140866,-66.6666666666667,4,1,0,0,0,0
140910,-1000,4,1,0,0,0,0
140954,-66.6666666666667,4,1,0,0,0,0
140998,-1000,4,1,0,0,0,0
141043,-66.6666666666667,4,1,0,0,0,0
141087,-1000,4,1,0,0,0,0
141175,-52.6315789473684,4,1,0,0,0,0
141219,-100,4,1,0,0,0,0
160984,-66.6666666666667,4,1,0,0,0,0
161072,-1000,4,1,0,0,0,0
161160,-66.6666666666667,4,1,0,0,0,0
161248,-1000,4,1,0,0,0,0
161337,-66.6666666666667,4,1,0,0,0,0
161425,-1000,4,1,0,0,0,0
161513,-66.6666666666667,4,1,0,0,0,0
161601,-1000,4,1,0,0,0,0
161690,-66.6666666666667,4,1,0,0,0,0
161690,-66.6666666666667,4,1,0,0,0,0
161734,-1000,4,1,0,0,0,0
161734,-1000,4,1,0,0,0,0
161778,-66.6666666666667,4,1,0,0,0,0
161778,-66.6666666666667,4,1,0,0,0,0
161822,-1000,4,1,0,0,0,0
161822,-1000,4,1,0,0,0,0
161866,-66.6666666666667,4,1,0,0,0,0
161866,-66.6666666666667,4,1,0,0,0,0
161910,-1000,4,1,0,0,0,0
161910,-1000,4,1,0,0,0,0
161954,-66.6666666666667,4,1,0,0,0,0
161954,-66.6666666666667,4,1,0,0,0,0
161998,-1000,4,1,0,0,0,0
161998,-1000,4,1,0,0,0,0
162042,-66.6666666666667,4,1,0,0,0,0
162042,-66.6666666666667,4,1,0,0,0,0
162087,-1000,4,1,0,0,0,0
162087,-1000,4,1,0,0,0,0
162131,-66.6666666666667,4,1,0,0,0,0
162131,-66.6666666666667,4,1,0,0,0,0
162175,-1000,4,1,0,0,0,0
162175,-1000,4,1,0,0,0,0
162219,-66.6666666666667,4,1,0,0,0,0
162219,-66.6666666666667,4,1,0,0,0,0
162263,-1000,4,1,0,0,0,0
162263,-1000,4,1,0,0,0,0
162307,-66.6666666666667,4,1,0,0,0,0
162307,-66.6666666666667,4,1,0,0,0,0
162351,-1000,4,1,0,0,0,0
162351,-1000,4,1,0,0,0,0
162395,-66.6666666666667,4,1,0,0,0,0
162417,-1000,4,1,0,0,0,0
162440,-66.6666666666667,4,1,0,0,0,0
162462,-1000,4,1,0,0,0,0
162484,-66.6666666666667,4,1,0,0,0,0
162506,-1000,4,1,0,0,0,0
162528,-66.6666666666667,4,1,0,0,0,0
162550,-1000,4,1,0,0,0,0
162572,-66.6666666666667,4,1,0,0,0,0
162594,-1000,4,1,0,0,0,0
162616,-66.6666666666667,4,1,0,0,0,0
162638,-1000,4,1,0,0,0,0
162660,-66.6666666666667,4,1,0,0,0,0
162682,-1000,4,1,0,0,0,0
162704,-66.6666666666667,4,1,0,0,0,0
162726,-1000,4,1,0,0,0,0
162748,-66.6666666666667,4,1,0,0,0,0
162770,-1000,4,1,0,0,0,0
162792,-66.6666666666667,4,1,0,0,0,0
162815,-1000,4,1,0,0,0,0
162837,-66.6666666666667,4,1,0,0,0,0
162859,-1000,4,1,0,0,0,0
162881,-66.6666666666667,4,1,0,0,0,0
162903,-1000,4,1,0,0,0,0
162925,-66.6666666666667,4,1,0,0,0,0
162947,-1000,4,1,0,0,0,0
162969,-66.6666666666667,4,1,0,0,0,0
162991,-1000,4,1,0,0,0,0
163013,-66.6666666666667,4,1,0,0,0,0
163035,-1000,4,1,0,0,0,0
163057,-66.6666666666667,4,1,0,0,0,0
163079,-1000,4,1,0,0,0,0
163101,-66.6666666666667,4,1,0,0,0,0
163123,-1000,4,1,0,0,0,0
163145,-66.6666666666667,4,1,0,0,0,0
163167,-1000,4,1,0,0,0,0
163190,-66.6666666666667,4,1,0,0,0,0
163212,-1000,4,1,0,0,0,0
163234,-66.6666666666667,4,1,0,0,0,0
163256,-1000,4,1,0,0,0,0
163278,-66.6666666666667,4,1,0,0,0,0
163300,-1000,4,1,0,0,0,0
163322,-66.6666666666667,4,1,0,0,0,0
163344,-1000,4,1,0,0,0,0
163366,-66.6666666666667,4,1,0,0,0,0
163388,-1000,4,1,0,0,0,0
163410,-66.6666666666667,4,1,0,0,0,0
163432,-1000,4,1,0,0,0,0
163454,-66.6666666666667,4,1,0,0,0,0
163476,-1000,4,1,0,0,0,0
163498,-66.6666666666667,4,1,0,0,0,0
163520,-1000,4,1,0,0,0,0
163542,-66.6666666666667,4,1,0,0,0,0
163565,-1000,4,1,0,0,0,0
163587,-66.6666666666667,4,1,0,0,0,0
163609,-1000,4,1,0,0,0,0
163631,-66.6666666666667,4,1,0,0,0,0
163653,-1000,4,1,0,0,0,0
163675,-66.6666666666667,4,1,0,0,0,0
163697,-1000,4,1,0,0,0,0
163719,-66.6666666666667,4,1,0,0,0,0
163741,-1000,4,1,0,0,0,0
163763,-66.6666666666667,4,1,0,0,0,0
163785,-1000,4,1,0,0,0,0
163807,-100,4,1,0,0,0,1
173690,-80,4,1,0,0,0,0
173866,-133.333333333333,4,1,0,0,0,0
174042,-80,4,1,0,0,0,0
174219,-133.333333333333,4,1,0,0,0,0
174395,-80,4,1,0,0,0,0
174572,-133.333333333333,4,1,0,0,0,0
174748,-80,4,1,0,0,0,0
174925,-133.333333333333,4,1,0,0,0,0
175101,-100,4,1,0,0,0,1
184631,-50,4,1,0,0,0,0
184675,-57.1428571428571,4,1,0,0,0,0
184719,-66.6666666666667,4,1,0,0,0,0
184763,-80,4,1,0,0,0,0
184807,-100,4,1,0,0,0,0
184851,-133.333333333333,4,1,0,0,0,0
184895,-200,4,1,0,0,0,0
184940,-400,4,1,0,0,0,0
184984,-25,4,1,0,0,0,0
185028,-200,4,1,0,0,0,0
185337,-25,4,1,0,0,0,0
185381,-200,4,1,0,0,0,0
185690,-25,4,1,0,0,0,0
185734,-200,4,1,0,0,0,0
185954,-66.6666666666667,4,1,0,0,0,0
185976,-66.6666666666667,4,1,0,0,0,0
186020,-1000,4,1,0,0,0,0
186042,-66.6666666666667,4,1,0,0,0,0
186087,-1000,4,1,0,0,0,0
186131,-66.6666666666667,4,1,0,0,0,0
186175,-1000,4,1,0,0,0,0
186219,-66.6666666666667,4,1,0,0,0,0
186263,-1000,4,1,0,0,0,0
186307,-66.6666666666667,4,1,0,0,0,0
186351,-1000,4,1,0,0,0,0
186395,-100,4,1,0,0,0,1
196278,-100,4,1,0,0,0,0
196631,-40,4,1,0,0,0,0
196675,-200,4,1,0,0,0,0
196895,-40,4,1,0,0,0,0
196940,-200,4,1,0,0,0,0
197160,-40,4,1,0,0,0,0
197204,-200,4,1,0,0,0,0
197425,-40,4,1,0,0,0,0
197469,-200,4,1,0,0,0,0
197513,-166.666666666667,4,1,0,0,0,0
197557,-142.857142857143,4,1,0,0,0,0
197601,-125,4,1,0,0,0,0
197645,-111.111111111111,4,1,0,0,0,0
197690,-100,4,1,0,0,0,1
206160,-100,4,1,0,0,0,0
206513,-50,4,1,0,0,0,0
206557,-200,4,1,0,0,0,0
206690,-50,4,1,0,0,0,0
206734,-200,4,1,0,0,0,0
206866,-50,4,1,0,0,0,0
206910,-200,4,1,0,0,0,0
207042,-50,4,1,0,0,0,0
207087,-200,4,1,0,0,0,0
207219,-50,4,1,0,0,0,0
207263,-200,4,1,0,0,0,0
207395,-50,4,1,0,0,0,0
207440,-200,4,1,0,0,0,0
207572,-50,4,1,0,0,0,0
207616,-200,4,1,0,0,0,0
207748,-50,4,1,0,0,0,0
207792,-200,4,1,0,0,0,0
207925,-50,4,1,0,0,0,0
207969,-200,4,1,0,0,0,0
208101,-50,4,1,0,0,0,0
208145,-200,4,1,0,0,0,0
208278,-50,4,1,0,0,0,0
208322,-200,4,1,0,0,0,0
208454,-50,4,1,0,0,0,0
208498,-200,4,1,0,0,0,0
208631,-50,4,1,0,0,0,0
208675,-200,4,1,0,0,0,0
208807,-50,4,1,0,0,0,0
208851,-200,4,1,0,0,0,0
208984,-50,4,1,0,0,0,0
209072,-133.333333333333,4,1,0,0,0,0
209160,-200,4,1,0,0,0,0
209248,-400,4,1,0,0,0,0
209337,-100,4,1,0,0,0,1
218866,-80,4,1,0,0,0,0
219042,-133.333333333333,4,1,0,0,0,0
219219,-80,4,1,0,0,0,0
219395,-133.333333333333,4,1,0,0,0,0
219572,-80,4,1,0,0,0,0
219748,-133.333333333333,4,1,0,0,0,0
219925,-80,4,1,0,0,0,0
220101,-133.333333333333,4,1,0,0,0,0
220278,-100,4,1,0,0,0,1
230160,-80,4,1,0,0,0,1
230337,-133.333333333333,4,1,0,0,0,1
230513,-80,4,1,0,0,0,1
230690,-133.333333333333,4,1,0,0,0,1
230866,-80,4,1,0,0,0,1
231042,-133.333333333333,4,1,0,0,0,1
231219,-80,4,1,0,0,0,1
231395,-133.333333333333,4,1,0,0,0,1
231572,-100,4,1,0,0,0,0
241454,-80,4,1,0,0,0,0
241631,-133.333333333333,4,1,0,0,0,0
241807,-80,4,1,0,0,0,0
241984,-133.333333333333,4,1,0,0,0,0
242160,-80,4,1,0,0,0,0
242337,-133.333333333333,4,1,0,0,0,0
242513,-80,4,1,0,0,0,0
242690,-133.333333333333,4,1,0,0,0,0
242866,-100,4,1,0,0,0,0
254160,-111.111111111111,4,1,0,0,0,0
254513,-125,4,1,0,0,0,0
254866,-142.857142857143,4,1,0,0,0,0
255219,-166.666666666667,4,1,0,0,0,0
255572,-200,4,1,0,0,0,0
255925,-250,4,1,0,0,0,0
256278,-333.333333333333,4,1,0,0,0,0
256631,-500,4,1,0,0,0,0
256984,-1000,4,1,0,0,0,0


[HitObjects]
64,192,43,5,0,0:0:0:0:
320,192,43,1,0,0:0:0:0:
192,192,219,1,0,0:0:0:0:
64,192,395,1,0,0:0:0:0:
320,192,395,1,0,0:0:0:0:
448,192,395,1,0,0:0:0:0:
448,192,572,1,0,0:0:0:0:
320,192,748,1,0,0:0:0:0:
64,192,748,1,0,0:0:0:0:
192,192,925,1,0,0:0:0:0:
320,192,1101,1,0,0:0:0:0:
448,192,1101,1,0,0:0:0:0:
64,192,1101,1,0,0:0:0:0:
320,192,1278,1,0,0:0:0:0:
64,192,1454,1,0,0:0:0:0:
448,192,1454,1,0,0:0:0:0:
192,192,1631,1,0,0:0:0:0:
320,192,1807,1,0,0:0:0:0:
448,192,1807,1,0,0:0:0:0:
64,192,1807,1,0,0:0:0:0:
64,192,1984,1,0,0:0:0:0:
448,192,2160,1,0,0:0:0:0:
192,192,2160,1,0,0:0:0:0:
320,192,2337,1,0,0:0:0:0:
448,192,2513,1,0,0:0:0:0:
192,192,2513,1,0,0:0:0:0:
64,192,2513,1,0,0:0:0:0:
192,192,2690,1,0,0:0:0:0:
448,192,2866,1,0,0:0:0:0:
64,192,2866,1,0,0:0:0:0:
320,192,3042,1,0,0:0:0:0:
64,192,3219,1,0,0:0:0:0:
448,192,3219,1,0,0:0:0:0:
192,192,3219,1,0,0:0:0:0:
448,192,3395,1,0,0:0:0:0:
64,192,3572,1,0,0:0:0:0:
320,192,3572,1,0,0:0:0:0:
192,192,3748,1,0,0:0:0:0:
448,192,3925,1,0,0:0:0:0:
320,192,3925,1,0,0:0:0:0:
64,192,3925,1,0,0:0:0:0:
320,192,4101,1,0,0:0:0:0:
448,192,4278,1,0,0:0:0:0:
192,192,4278,1,0,0:0:0:0:
64,192,4454,1,0,0:0:0:0:
192,192,4631,1,0,0:0:0:0:
320,192,4631,1,0,0:0:0:0:
448,192,4631,1,0,0:0:0:0:
192,192,4807,1,0,0:0:0:0:
64,192,4984,1,0,0:0:0:0:
320,192,4984,1,0,0:0:0:0:
448,192,5160,1,0,0:0:0:0:
320,192,5337,1,0,0:0:0:0:
192,192,5337,1,0,0:0:0:0:
64,192,5337,1,0,0:0:0:0:
192,192,5513,1,0,0:0:0:0:
320,192,5690,1,0,0:0:0:0:
64,192,5690,1,0,0:0:0:0:
448,192,5866,1,0,0:0:0:0:
64,192,6042,1,0,0:0:0:0:
320,192,6042,1,0,0:0:0:0:
192,192,6042,1,0,0:0:0:0:
320,192,6219,1,0,0:0:0:0:
64,192,6395,1,0,0:0:0:0:
448,192,6395,1,0,0:0:0:0:
192,192,6572,1,0,0:0:0:0:
64,192,6748,1,0,0:0:0:0:
448,192,6748,1,0,0:0:0:0:
320,192,6748,1,0,0:0:0:0:
64,192,6925,1,0,0:0:0:0:
192,192,7101,1,0,0:0:0:0:
320,192,7101,1,0,0:0:0:0:
448,192,7278,1,0,0:0:0:0:
320,192,7454,1,0,0:0:0:0:
192,192,7454,1,0,0:0:0:0:
64,192,7454,1,0,0:0:0:0:
320,192,7631,1,0,0:0:0:0:
64,192,7807,1,0,0:0:0:0:
448,192,7807,1,0,0:0:0:0:
192,192,7984,1,0,0:0:0:0:
64,192,8160,1,0,0:0:0:0:
320,192,8160,1,0,0:0:0:0:
448,192,8160,1,0,0:0:0:0:
64,192,8337,1,0,0:0:0:0:
448,192,8513,1,0,0:0:0:0:
192,192,8513,1,0,0:0:0:0:
320,192,8690,1,0,0:0:0:0:
192,192,8866,1,0,0:0:0:0:
448,192,8866,1,0,0:0:0:0:
64,192,8866,1,0,0:0:0:0:
192,192,9042,1,0,0:0:0:0:
448,192,9219,1,0,0:0:0:0:
64,192,9219,1,0,0:0:0:0:
320,192,9395,1,0,0:0:0:0:
64,192,9572,1,0,0:0:0:0:
192,192,9572,1,0,0:0:0:0:
448,192,9572,1,0,0:0:0:0:
320,192,9748,128,0,10101:0:0:0:0:
192,192,9925,128,0,10278:0:0:0:0:
448,192,10101,128,0,10454:0:0:0:0:
64,192,10278,128,0,10631:0:0:0:0:
320,192,10454,128,0,10807:0:0:0:0:
192,192,10631,128,0,10984:0:0:0:0:
448,192,10807,128,0,11160:0:0:0:0:
64,192,10984,128,0,11337:0:0:0:0:
320,192,11160,128,0,11337:0:0:0:0:
192,192,11337,1,0,0:0:0:0:
448,192,11337,1,0,0:0:0:0:
320,192,11425,1,0,0:0:0:0:
192,192,11513,1,0,0:0:0:0:
64,192,11601,1,0,0:0:0:0:
320,192,11690,1,0,0:0:0:0:
448,192,11690,1,0,0:0:0:0:
192,192,11690,1,0,0:0:0:0:
64,192,11778,1,0,0:0:0:0:
320,192,11866,1,0,0:0:0:0:
192,192,11954,1,0,0:0:0:0:
320,192,12042,1,0,0:0:0:0:
64,192,12042,1,0,0:0:0:0:
448,192,12131,1,0,0:0:0:0:
192,192,12219,1,0,0:0:0:0:
320,192,12307,1,0,0:0:0:0:
448,192,12395,1,0,0:0:0:0:
192,192,12395,1,0,0:0:0:0:
64,192,12395,1,0,0:0:0:0:
320,192,12484,1,0,0:0:0:0:
64,192,12572,1,0,0:0:0:0:
192,192,12660,1,0,0:0:0:0:
320,192,12748,1,0,0:0:0:0:
448,192,12748,1,0,0:0:0:0:
192,192,12837,1,0,0:0:0:0:
64,192,12925,1,0,0:0:0:0:
320,192,13013,1,0,0:0:0:0:
64,192,13101,1,0,0:0:0:0:
192,192,13101,1,0,0:0:0:0:
448,192,13101,1,0,0:0:0:0:
320,192,13190,1,0,0:0:0:0:
192,192,13278,1,0,0:0:0:0:
64,192,13366,1,0,0:0:0:0:
192,192,13454,1,0,0:0:0:0:
448,192,13454,1,0,0:0:0:0:
320,192,13542,1,0,0:0:0:0:
64,192,13631,1,0,0:0:0:0:
192,192,13719,1,0,0:0:0:0:
448,192,13807,1,0,0:0:0:0:
64,192,13807,1,0,0:0:0:0:
320,192,13807,1,0,0:0:0:0:
192,192,13895,1,0,0:0:0:0:
448,192,13984,1,0,0:0:0:0:
320,192,14072,1,0,0:0:0:0:
192,192,14160,1,0,0:0:0:0:
64,192,14160,1,0,0:0:0:0:
320,192,14248,1,0,0:0:0:0:
192,192,14337,1,0,0:0:0:0:
64,192,14425,1,0,0:0:0:0:
192,192,14513,1,0,0:0:0:0:
448,192,14513,1,0,0:0:0:0:
320,192,14513,1,0,0:0:0:0:
64,192,14601,1,0,0:0:0:0:
320,192,14690,1,0,0:0:0:0:
448,192,14778,1,0,0:0:0:0:
320,192,14866,1,0,0:0:0:0:
64,192,14866,1,0,0:0:0:0:
192,192,14954,1,0,0:0:0:0:
448,192,15042,1,0,0:0:0:0:
320,192,15131,1,0,0:0:0:0:
192,192,15219,1,0,0:0:0:0:
64,192,15219,1,0,0:0:0:0:
448,192,15219,1,0,0:0:0:0:
320,192,15307,1,0,0:0:0:0:
64,192,15395,1,0,0:0:0:0:
192,192,15484,1,0,0:0:0:0:
64,192,15572,1,0,0:0:0:0:
320,192,15572,1,0,0:0:0:0:
448,192,15660,1,0,0:0:0:0:
64,192,15748,1,0,0:0:0:0:
192,192,15837,1,0,0:0:0:0:
64,192,15925,1,0,0:0:0:0:
320,192,15925,1,0,0:0:0:0:
448,192,15925,1,0,0:0:0:0:
192,192,16013,1,0,0:0:0:0:
448,192,16101,1,0,0:0:0:0:
320,192,16190,1,0,0:0:0:0:
192,192,16278,1,0,0:0:0:0:
64,192,16278,1,0,0:0:0:0:
320,192,16366,1,0,0:0:0:0:
448,192,16454,1,0,0:0:0:0:
320,192,16542,1,0,0:0:0:0:
64,192,16631,1,0,0:0:0:0:
448,192,16631,1,0,0:0:0:0:
192,192,16719,1,0,0:0:0:0:
320,192,16807,1,0,0:0:0:0:
192,192,16895,1,0,0:0:0:0:
64,192,16984,1,0,0:0:0:0:
448,192,16984,1,0,0:0:0:0:
320,192,17072,1,0,0:0:0:0:
192,192,17160,1,0,0:0:0:0:
320,192,17248,1,0,0:0:0:0:
192,192,17337,1,0,0:0:0:0:
64,192,17337,1,0,0:0:0:0:
448,192,17337,1,0,0:0:0:0:
320,192,17425,1,0,0:0:0:0:
64,192,17513,1,0,0:0:0:0:
192,192,17601,1,0,0:0:0:0:
448,192,17690,1,0,0:0:0:0:
320,192,17690,1,0,0:0:0:0:
192,192,17778,1,0,0:0:0:0:
64,192,17866,1,0,0:0:0:0:
320,192,17954,1,0,0:0:0:0:
192,192,18042,1,0,0:0:0:0:
64,192,18042,1,0,0:0:0:0:
448,192,18042,1,0,0:0:0:0:
320,192,18131,1,0,0:0:0:0:
192,192,18219,1,0,0:0:0:0:
64,192,18307,1,0,0:0:0:0:
448,192,18395,1,0,0:0:0:0:
320,192,18395,1,0,0:0:0:0:
192,192,18484,1,0,0:0:0:0:
64,192,18572,1,0,0:0:0:0:
320,192,18660,1,0,0:0:0:0:
448,192,18748,1,0,0:0:0:0:
192,192,18748,1,0,0:0:0:0:
64,192,18748,1,0,0:0:0:0:
320,192,18837,1,0,0:0:0:0:
448,192,18925,1,0,0:0:0:0:
192,192,19013,1,0,0:0:0:0:
64,192,19101,1,0,0:0:0:0:
320,192,19101,1,0,0:0:0:0:
192,192,19190,1,0,0:0:0:0:
320,192,19278,1,0,0:0:0:0:
448,192,19366,1,0,0:0:0:0:
64,192,19454,1,0,0:0:0:0:
192,192,19454,1,0,0:0:0:0:
320,192,19454,1,0,0:0:0:0:
448,192,19542,1,0,0:0:0:0:
192,192,19631,1,0,0:0:0:0:
64,192,19719,1,0,0:0:0:0:
192,192,19807,1,0,0:0:0:0:
320,192,19807,1,0,0:0:0:0:
448,192,19895,1,0,0:0:0:0:
192,192,19984,1,0,0:0:0:0:
64,192,20072,1,0,0:0:0:0:
320,192,20160,1,0,0:0:0:0:
448,192,20160,1,0,0:0:0:0:
192,192,20160,1,0,0:0:0:0:
64,192,20248,1,0,0:0:0:0:
192,192,20337,1,0,0:0:0:0:
448,192,20425,1,0,0:0:0:0:
320,192,20513,1,0,0:0:0:0:
192,192,20513,1,0,0:0:0:0:
64,192,20601,1,0,0:0:0:0:
192,192,20690,1,0,0:0:0:0:
320,192,20778,1,0,0:0:0:0:
192,192,20866,1,0,0:0:0:0:
64,192,20866,1,0,0:0:0:0:
448,192,20866,1,0,0:0:0:0:
320,192,20954,1,0,0:0:0:0:
192,192,21042,1,0,0:0:0:0:
64,192,21131,1,0,0:0:0:0:
320,192,21219,128,0,21572:0:0:0:0:
64,192,21395,128,0,21748:0:0:0:0:
448,192,21572,128,0,21925:0:0:0:0:
192,192,21748,128,0,22101:0:0:0:0:
320,192,21925,128,0,22278:0:0:0:0:
64,192,22101,128,0,22454:0:0:0:0:
448,192,22278,128,0,22631:0:0:0:0:
192,192,22454,128,0,22631:0:0:0:0:
64,192,22631,1,0,0:0:0:0:
320,192,22631,1,0,0:0:0:0:
192,192,22807,1,0,0:0:0:0:
320,192,22984,1,0,0:0:0:0:
448,192,23160,1,0,0:0:0:0:
64,192,23337,1,0,0:0:0:0:
192,192,23513,1,0,0:0:0:0:
320,192,23690,1,0,0:0:0:0:
448,192,23866,128,0,23954:0:0:0:0:
192,192,24042,1,0,0:0:0:0:
64,192,24042,1,0,0:0:0:0:
448,192,24219,1,0,0:0:0:0:
320,192,24395,128,0,24484:0:0:0:0:
192,192,24572,1,0,0:0:0:0:
64,192,24748,1,0,0:0:0:0:
448,192,24925,128,0,25013:0:0:0:0:
320,192,25101,1,0,0:0:0:0:
192,192,25278,128,0,25366:0:0:0:0:
64,192,25454,1,0,0:0:0:0:
448,192,25454,1,0,0:0:0:0:
320,192,25631,1,0,0:0:0:0:
64,192,25807,128,0,25895:0:0:0:0:
192,192,25984,1,0,0:0:0:0:
448,192,26160,1,0,0:0:0:0:
320,192,26337,128,0,26425:0:0:0:0:
64,192,26513,1,0,0:0:0:0:
192,192,26690,128,0,26778:0:0:0:0:
64,192,26866,1,0,0:0:0:0:
320,192,26866,1,0,0:0:0:0:
448,192,27042,1,0,0:0:0:0:
192,192,27219,128,0,27307:0:0:0:0:
64,192,27395,1,0,0:0:0:0:
320,192,27572,1,0,0:0:0:0:
192,192,27748,128,0,27837:0:0:0:0:
448,192,27748,1,0,0:0:0:0:
64,192,27925,1,0,0:0:0:0:
320,192,28101,128,0,28190:0:0:0:0:
192,192,28278,1,0,0:0:0:0:
448,192,28278,1,0,0:0:0:0:
64,192,28454,1,0,0:0:0:0:
448,192,28631,1,0,0:0:0:0:
192,192,28807,1,0,0:0:0:0:
320,192,28984,1,0,0:0:0:0:
64,192,29160,1,0,0:0:0:0:
448,192,29337,1,0,0:0:0:0:
192,192,29513,128,0,29601:0:0:0:0:
448,192,29690,1,0,0:0:0:0:
320,192,29690,1,0,0:0:0:0:
64,192,29866,1,0,0:0:0:0:
320,192,30042,128,0,30131:0:0:0:0:
192,192,30219,1,0,0:0:0:0:
448,192,30395,1,0,0:0:0:0:
64,192,30572,128,0,30660:0:0:0:0:
320,192,30748,1,0,0:0:0:0:
192,192,30925,128,0,31013:0:0:0:0:
448,192,31101,1,0,0:0:0:0:
320,192,31101,1,0,0:0:0:0:
192,192,31278,1,0,0:0:0:0:
64,192,31454,128,0,31542:0:0:0:0:
448,192,31631,1,0,0:0:0:0:
320,192,31807,1,0,0:0:0:0:
192,192,31984,128,0,32072:0:0:0:0:
64,192,32160,1,0,0:0:0:0:
320,192,32337,128,0,32425:0:0:0:0:
64,192,32513,1,0,0:0:0:0:
448,192,32513,1,0,0:0:0:0:
192,192,32690,1,0,0:0:0:0:
320,192,32866,128,0,32954:0:0:0:0:
448,192,33042,1,0,0:0:0:0:
64,192,33219,1,0,0:0:0:0:
192,192,33395,128,0,33484:0:0:0:0:
448,192,33572,1,0,0:0:0:0:
320,192,33748,128,0,33837:0:0:0:0:
192,192,33925,1,0,0:0:0:0:
64,192,33925,1,0,0:0:0:0:
64,192,34278,1,0,0:0:0:0:
192,192,34278,1,0,0:0:0:0:
192,192,34631,1,0,0:0:0:0:
64,192,34631,1,0,0:0:0:0:
64,192,34984,1,0,0:0:0:0:
192,192,34984,1,0,0:0:0:0:
320,192,35337,1,0,0:0:0:0:
448,192,35337,1,0,0:0:0:0:
448,192,35690,1,0,0:0:0:0:
320,192,35690,1,0,0:0:0:0:
320,192,36042,1,0,0:0:0:0:
448,192,36042,1,0,0:0:0:0:
320,192,36395,1,0,0:0:0:0:
448,192,36395,1,0,0:0:0:0:
320,192,36748,1,0,0:0:0:0:
64,192,36748,1,0,0:0:0:0:
64,192,37101,1,0,0:0:0:0:
320,192,37101,1,0,0:0:0:0:
320,192,37454,1,0,0:0:0:0:
64,192,37454,1,0,0:0:0:0:
64,192,37807,1,0,0:0:0:0:
320,192,37807,1,0,0:0:0:0:
192,192,38160,1,0,0:0:0:0:
448,192,38160,1,0,0:0:0:0:
448,192,38513,1,0,0:0:0:0:
192,192,38513,1,0,0:0:0:0:
192,192,38866,1,0,0:0:0:0:
448,192,38866,1,0,0:0:0:0:
448,192,39219,1,0,0:0:0:0:
192,192,39219,1,0,0:0:0:0:
192,192,39572,1,0,0:0:0:0:
320,192,39572,1,0,0:0:0:0:
320,192,39925,1,0,0:0:0:0:
192,192,39925,1,0,0:0:0:0:
192,192,40278,1,0,0:0:0:0:
320,192,40278,1,0,0:0:0:0:
320,192,40631,1,0,0:0:0:0:
192,192,40631,1,0,0:0:0:0:
64,192,40984,1,0,0:0:0:0:
448,192,40984,1,0,0:0:0:0:
64,192,41337,1,0,0:0:0:0:
448,192,41337,1,0,0:0:0:0:
448,192,41690,1,0,0:0:0:0:
64,192,41690,1,0,0:0:0:0:
64,192,42042,1,0,0:0:0:0:
448,192,42042,1,0,0:0:0:0:
64,192,42395,128,0,43807:0:0:0:0:
448,192,42395,128,0,43807:0:0:0:0:
64,192,44866,1,0,0:0:0:0:
192,192,44866,1,0,0:0:0:0:
320,192,44954,1,0,0:0:0:0:
448,192,44954,1,0,0:0:0:0:
64,192,45042,1,0,0:0:0:0:
192,192,45042,1,0,0:0:0:0:
448,192,45219,1,0,0:0:0:0:
64,192,45219,128,0,45748:0:0:0:0:
320,192,45219,1,0,0:0:0:0:
192,192,45219,128,0,45395:0:0:0:0:
192,192,45572,128,0,45925:0:0:0:0:
320,192,45748,128,0,45925:0:0:0:0:
448,192,45925,128,0,46101:0:0:0:0:
64,192,46101,128,0,46278:0:0:0:0:
320,192,46101,128,0,46278:0:0:0:0:
192,192,46278,128,0,46454:0:0:0:0:
320,192,46454,128,0,46807:0:0:0:0:
448,192,46454,128,0,46984:0:0:0:0:
320,192,46984,128,0,47160:0:0:0:0:
64,192,46984,128,0,47337:0:0:0:0:
192,192,47160,128,0,47337:0:0:0:0:
320,192,47337,128,0,47513:0:0:0:0:
448,192,47513,128,0,47690:0:0:0:0:
192,192,47513,128,0,47690:0:0:0:0:
64,192,47690,128,0,47866:0:0:0:0:
192,192,47866,128,0,48042:0:0:0:0:
320,192,48042,128,0,48219:0:0:0:0:
448,192,48042,128,0,48572:0:0:0:0:
320,192,48395,128,0,48748:0:0:0:0:
192,192,48572,128,0,48748:0:0:0:0:
64,192,48748,128,0,48925:0:0:0:0:
448,192,48925,128,0,49101:0:0:0:0:
320,192,48925,128,0,49101:0:0:0:0:
192,192,49101,128,0,49278:0:0:0:0:
64,192,49278,128,0,49807:0:0:0:0:
320,192,49278,128,0,49631:0:0:0:0:
192,192,49454,128,0,49807:0:0:0:0:
320,192,49807,128,0,49984:0:0:0:0:
448,192,49807,128,0,50160:0:0:0:0:
192,192,49984,128,0,50160:0:0:0:0:
64,192,50160,128,0,50337:0:0:0:0:
320,192,50337,128,0,50513:0:0:0:0:
192,192,50337,128,0,50513:0:0:0:0:
448,192,50513,128,0,50690:0:0:0:0:
320,192,50690,128,0,50866:0:0:0:0:
64,192,50690,128,0,50866:0:0:0:0:
192,192,50866,128,0,51395:0:0:0:0:
448,192,50866,128,0,51042:0:0:0:0:
64,192,51219,128,0,51395:0:0:0:0:
320,192,51395,128,0,51572:0:0:0:0:
448,192,51572,128,0,51748:0:0:0:0:
64,192,51748,128,0,51925:0:0:0:0:
192,192,51748,128,0,51925:0:0:0:0:
320,192,51925,128,0,52101:0:0:0:0:
448,192,52101,128,0,52631:0:0:0:0:
192,192,52101,128,0,52454:0:0:0:0:
64,192,52631,128,0,52984:0:0:0:0:
320,192,52631,128,0,52807:0:0:0:0:
448,192,52807,128,0,52984:0:0:0:0:
192,192,52984,128,0,53160:0:0:0:0:
320,192,53160,128,0,53337:0:0:0:0:
64,192,53160,128,0,53337:0:0:0:0:
448,192,53337,128,0,53513:0:0:0:0:
192,192,53513,128,0,53690:0:0:0:0:
320,192,53513,128,0,53690:0:0:0:0:
64,192,53690,128,0,54219:0:0:0:0:
448,192,53690,128,0,53866:0:0:0:0:
192,192,54042,128,0,54395:0:0:0:0:
320,192,54219,128,0,54395:0:0:0:0:
448,192,54395,128,0,54572:0:0:0:0:
64,192,54572,128,0,54748:0:0:0:0:
320,192,54572,128,0,54748:0:0:0:0:
192,192,54748,128,0,54925:0:0:0:0:
448,192,54925,128,0,55454:0:0:0:0:
64,192,54925,128,0,55278:0:0:0:0:
320,192,55101,128,0,55454:0:0:0:0:
192,192,55454,128,0,55807:0:0:0:0:
64,192,55454,128,0,55631:0:0:0:0:
320,192,55631,128,0,55807:0:0:0:0:
448,192,55807,128,0,55984:0:0:0:0:
320,192,55984,128,0,56160:0:0:0:0:
192,192,55984,128,0,56160:0:0:0:0:
64,192,56160,128,0,56337:0:0:0:0:
448,192,56337,128,0,56513:0:0:0:0:
320,192,56337,128,0,56513:0:0:0:0:
192,192,56513,128,0,57042:0:0:0:0:
64,192,56513,128,0,56690:0:0:0:0:
64,192,56866,128,0,57219:0:0:0:0:
448,192,57042,128,0,57219:0:0:0:0:
320,192,57219,128,0,57395:0:0:0:0:
448,192,57395,128,0,57572:0:0:0:0:
192,192,57395,128,0,57572:0:0:0:0:
64,192,57572,128,0,57748:0:0:0:0:
448,192,57748,128,0,58278:0:0:0:0:
320,192,57748,128,0,58101:0:0:0:0:
64,192,58278,128,0,58631:0:0:0:0:
320,192,58278,128,0,58454:0:0:0:0:
192,192,58454,128,0,58631:0:0:0:0:
448,192,58631,128,0,58807:0:0:0:0:
320,192,58807,128,0,58984:0:0:0:0:
64,192,58807,128,0,58984:0:0:0:0:
192,192,58984,128,0,59160:0:0:0:0:
448,192,59160,128,0,59337:0:0:0:0:
320,192,59160,128,0,59337:0:0:0:0:
192,192,59337,128,0,59513:0:0:0:0:
64,192,59337,128,0,59866:0:0:0:0:
192,192,59690,128,0,60042:0:0:0:0:
448,192,59866,128,0,60042:0:0:0:0:
320,192,60042,128,0,60219:0:0:0:0:
64,192,60219,128,0,60395:0:0:0:0:
192,192,60219,128,0,60395:0:0:0:0:
320,192,60395,128,0,60572:0:0:0:0:
64,192,60572,128,0,61101:0:0:0:0:
448,192,60572,128,0,60925:0:0:0:0:
192,192,60748,128,0,61101:0:0:0:0:
320,192,61101,128,0,61454:0:0:0:0:
448,192,61101,128,0,61278:0:0:0:0:
192,192,61278,128,0,61454:0:0:0:0:
64,192,61454,128,0,61631:0:0:0:0:
192,192,61631,128,0,61807:0:0:0:0:
448,192,61631,128,0,61807:0:0:0:0:
320,192,61807,128,0,61984:0:0:0:0:
192,192,61984,128,0,62160:0:0:0:0:
64,192,61984,128,0,62160:0:0:0:0:
448,192,62160,5,0,0:0:0:0:
320,192,62160,1,0,0:0:0:0:
64,192,62337,1,0,0:0:0:0:
192,192,62513,1,0,0:0:0:0:
320,192,62690,1,0,0:0:0:0:
64,192,62866,1,0,0:0:0:0:
192,192,62866,1,0,0:0:0:0:
448,192,63042,1,0,0:0:0:0:
320,192,63219,1,0,0:0:0:0:
192,192,63395,1,0,0:0:0:0:
320,192,63572,1,0,0:0:0:0:
64,192,63572,1,0,0:0:0:0:
192,192,63748,1,0,0:0:0:0:
192,192,63925,1,0,0:0:0:0:
448,192,63925,1,0,0:0:0:0:
320,192,64101,1,0,0:0:0:0:
320,192,64278,1,0,0:0:0:0:
64,192,64278,1,0,0:0:0:0:
192,192,64454,1,0,0:0:0:0:
192,192,64631,1,0,0:0:0:0:
448,192,64631,1,0,0:0:0:0:
320,192,64807,1,0,0:0:0:0:
64,192,64984,1,0,0:0:0:0:
448,192,64984,1,0,0:0:0:0:
320,192,65160,1,0,0:0:0:0:
192,192,65160,1,0,0:0:0:0:
64,192,65337,1,0,0:0:0:0:
448,192,65337,1,0,0:0:0:0:
320,192,65513,1,0,0:0:0:0:
192,192,65513,1,0,0:0:0:0:
64,192,65690,1,0,0:0:0:0:
192,192,65690,1,0,0:0:0:0:
320,192,65778,1,0,0:0:0:0:
448,192,65778,1,0,0:0:0:0:
192,192,65866,1,0,0:0:0:0:
64,192,65866,1,0,0:0:0:0:
320,192,65954,1,0,0:0:0:0:
448,192,65954,1,0,0:0:0:0:
192,192,66042,1,0,0:0:0:0:
64,192,66042,1,0,0:0:0:0:
320,192,66131,1,0,0:0:0:0:
448,192,66131,1,0,0:0:0:0:
192,192,66219,1,0,0:0:0:0:
64,192,66219,1,0,0:0:0:0:
320,192,66307,1,0,0:0:0:0:
448,192,66307,1,0,0:0:0:0:
64,192,66395,1,0,0:0:0:0:
192,192,66440,1,0,0:0:0:0:
320,192,66484,1,0,0:0:0:0:
448,192,66528,1,0,0:0:0:0:
64,192,66572,1,0,0:0:0:0:
192,192,66616,1,0,0:0:0:0:
448,192,66660,1,0,0:0:0:0:
320,192,66704,1,0,0:0:0:0:
192,192,66748,1,0,0:0:0:0:
64,192,66792,1,0,0:0:0:0:
448,192,66837,1,0,0:0:0:0:
320,192,66881,1,0,0:0:0:0:
64,192,66925,1,0,0:0:0:0:
192,192,66969,1,0,0:0:0:0:
320,192,67013,1,0,0:0:0:0:
448,192,67057,1,0,0:0:0:0:
64,192,67101,1,0,0:0:0:0:
192,192,67145,1,0,0:0:0:0:
448,192,67190,1,0,0:0:0:0:
320,192,67234,1,0,0:0:0:0:
192,192,67278,1,0,0:0:0:0:
64,192,67322,1,0,0:0:0:0:
448,192,67366,1,0,0:0:0:0:
320,192,67410,1,0,0:0:0:0:
64,192,67454,1,0,0:0:0:0:
192,192,67498,1,0,0:0:0:0:
320,192,67542,1,0,0:0:0:0:
448,192,67587,1,0,0:0:0:0:
64,192,67631,1,0,0:0:0:0:
192,192,67675,1,0,0:0:0:0:
448,192,67719,1,0,0:0:0:0:
320,192,67763,1,0,0:0:0:0:
64,192,67807,128,0,68160:0:0:0:0:
192,192,67807,1,0,0:0:0:0:
320,192,67984,1,0,0:0:0:0:
192,192,68160,1,0,0:0:0:0:
448,192,68160,1,0,0:0:0:0:
320,192,68160,1,0,0:0:0:0:
64,192,68337,1,0,0:0:0:0:
192,192,68513,1,0,0:0:0:0:
320,192,68513,1,0,0:0:0:0:
448,192,68690,1,0,0:0:0:0:
192,192,68866,1,0,0:0:0:0:
64,192,68866,1,0,0:0:0:0:
320,192,68866,1,0,0:0:0:0:
448,192,69042,128,0,69572:0:0:0:0:
320,192,69219,1,0,0:0:0:0:
64,192,69219,1,0,0:0:0:0:
192,192,69395,1,0,0:0:0:0:
320,192,69572,1,0,0:0:0:0:
192,192,69572,1,0,0:0:0:0:
64,192,69572,1,0,0:0:0:0:
448,192,69748,1,0,0:0:0:0:
64,192,69925,1,0,0:0:0:0:
320,192,69925,1,0,0:0:0:0:
192,192,70101,1,0,0:0:0:0:
320,192,70278,1,0,0:0:0:0:
448,192,70278,1,0,0:0:0:0:
64,192,70278,1,0,0:0:0:0:
448,192,70454,1,0,0:0:0:0:
64,192,70631,1,0,0:0:0:0:
320,192,70631,128,0,70984:0:0:0:0:
192,192,70807,1,0,0:0:0:0:
192,192,70984,1,0,0:0:0:0:
64,192,70984,1,0,0:0:0:0:
448,192,70984,1,0,0:0:0:0:
320,192,71160,1,0,0:0:0:0:
448,192,71337,1,0,0:0:0:0:
64,192,71337,1,0,0:0:0:0:
192,192,71513,1,0,0:0:0:0:
448,192,71690,1,0,0:0:0:0:
64,192,71690,1,0,0:0:0:0:
320,192,71690,1,0,0:0:0:0:
192,192,71866,128,0,72395:0:0:0:0:
64,192,72042,128,0,72395:0:0:0:0:
448,192,72042,1,0,0:0:0:0:
320,192,72219,1,0,0:0:0:0:
320,192,72395,1,0,0:0:0:0:
448,192,72395,1,0,0:0:0:0:
64,192,72572,1,0,0:0:0:0:
192,192,72748,1,0,0:0:0:0:
448,192,72748,1,0,0:0:0:0:
320,192,72925,1,0,0:0:0:0:
192,192,73101,1,0,0:0:0:0:
64,192,73101,1,0,0:0:0:0:
448,192,73101,1,0,0:0:0:0:
192,192,73278,1,0,0:0:0:0:
192,192,73454,128,0,73807:0:0:0:0:
320,192,73454,1,0,0:0:0:0:
448,192,73631,1,0,0:0:0:0:
64,192,73807,1,0,0:0:0:0:
320,192,73807,1,0,0:0:0:0:
448,192,73807,1,0,0:0:0:0:
192,192,73984,1,0,0:0:0:0:
448,192,74160,1,0,0:0:0:0:
64,192,74160,1,0,0:0:0:0:
320,192,74337,1,0,0:0:0:0:
192,192,74513,1,0,0:0:0:0:
64,192,74513,1,0,0:0:0:0:
448,192,74513,1,0,0:0:0:0:
320,192,74690,128,0,75219:0:0:0:0:
192,192,74866,1,0,0:0:0:0:
448,192,74866,1,0,0:0:0:0:
64,192,75042,1,0,0:0:0:0:
192,192,75219,1,0,0:0:0:0:
64,192,75219,1,0,0:0:0:0:
448,192,75219,1,0,0:0:0:0:
320,192,75395,1,0,0:0:0:0:
192,192,75572,1,0,0:0:0:0:
448,192,75572,1,0,0:0:0:0:
64,192,75748,1,0,0:0:0:0:
320,192,75925,1,0,0:0:0:0:
192,192,75925,1,0,0:0:0:0:
448,192,75925,1,0,0:0:0:0:
320,192,76101,1,0,0:0:0:0:
448,192,76278,128,0,76631:0:0:0:0:
320,192,76278,1,0,0:0:0:0:
192,192,76454,1,0,0:0:0:0:
320,192,76631,1,0,0:0:0:0:
192,192,76631,1,0,0:0:0:0:
64,192,76631,1,0,0:0:0:0:
448,192,76807,1,0,0:0:0:0:
320,192,76984,1,0,0:0:0:0:
192,192,76984,1,0,0:0:0:0:
64,192,77160,1,0,0:0:0:0:
448,192,77337,1,0,0:0:0:0:
320,192,77337,1,0,0:0:0:0:
192,192,77337,1,0,0:0:0:0:
64,192,77513,128,0,77690:0:0:0:0:
448,192,77690,128,0,78042:0:0:0:0:
192,192,77866,128,0,78219:0:0:0:0:
320,192,78042,128,0,78395:0:0:0:0:
64,192,78219,128,0,78572:0:0:0:0:
448,192,78395,128,0,78748:0:0:0:0:
192,192,78572,128,0,78925:0:0:0:0:
320,192,78748,128,0,79101:0:0:0:0:
64,192,78925,128,0,79101:0:0:0:0:
192,192,79101,1,0,0:0:0:0:
448,192,79101,128,0,79454:0:0:0:0:
192,192,79278,1,0,0:0:0:0:
320,192,79454,1,0,0:0:0:0:
192,192,79454,1,0,0:0:0:0:
64,192,79454,1,0,0:0:0:0:
64,192,79631,1,0,0:0:0:0:
320,192,79807,1,0,0:0:0:0:
64,192,79807,1,0,0:0:0:0:
320,192,79984,1,0,0:0:0:0:
64,192,80160,1,0,0:0:0:0:
192,192,80160,1,0,0:0:0:0:
320,192,80160,1,0,0:0:0:0:
192,192,80337,128,0,80866:0:0:0:0:
64,192,80513,1,0,0:0:0:0:
448,192,80513,1,0,0:0:0:0:
448,192,80690,1,0,0:0:0:0:
64,192,80866,1,0,0:0:0:0:
320,192,80866,1,0,0:0:0:0:
448,192,80866,1,0,0:0:0:0:
320,192,81042,1,0,0:0:0:0:
320,192,81219,1,0,0:0:0:0:
192,192,81219,1,0,0:0:0:0:
192,192,81395,1,0,0:0:0:0:
64,192,81572,1,0,0:0:0:0:
192,192,81572,1,0,0:0:0:0:
320,192,81572,1,0,0:0:0:0:
64,192,81748,1,0,0:0:0:0:
64,192,81925,128,0,82278:0:0:0:0:
320,192,81925,1,0,0:0:0:0:
320,192,82101,1,0,0:0:0:0:
192,192,82278,1,0,0:0:0:0:
448,192,82278,1,0,0:0:0:0:
320,192,82278,1,0,0:0:0:0:
448,192,82454,1,0,0:0:0:0:
448,192,82631,1,0,0:0:0:0:
192,192,82631,1,0,0:0:0:0:
192,192,82807,1,0,0:0:0:0:
64,192,82984,1,0,0:0:0:0:
192,192,82984,1,0,0:0:0:0:
320,192,82984,1,0,0:0:0:0:
448,192,83160,128,0,83690:0:0:0:0:
320,192,83337,128,0,83690:0:0:0:0:
64,192,83337,1,0,0:0:0:0:
64,192,83513,1,0,0:0:0:0:
192,192,83690,1,0,0:0:0:0:
64,192,83690,1,0,0:0:0:0:
192,192,83866,1,0,0:0:0:0:
192,192,84042,1,0,0:0:0:0:
448,192,84042,1,0,0:0:0:0:
448,192,84219,1,0,0:0:0:0:
64,192,84395,1,0,0:0:0:0:
448,192,84395,1,0,0:0:0:0:
320,192,84395,1,0,0:0:0:0:
320,192,84572,1,0,0:0:0:0:
320,192,84748,128,0,85101:0:0:0:0:
192,192,84748,1,0,0:0:0:0:
192,192,84925,1,0,0:0:0:0:
192,192,85101,1,0,0:0:0:0:
448,192,85101,1,0,0:0:0:0:
64,192,85101,1,0,0:0:0:0:
64,192,85278,1,0,0:0:0:0:
320,192,85454,1,0,0:0:0:0:
64,192,85454,1,0,0:0:0:0:
320,192,85631,1,0,0:0:0:0:
64,192,85807,1,0,0:0:0:0:
320,192,85807,1,0,0:0:0:0:
448,192,85807,1,0,0:0:0:0:
448,192,85984,128,0,86513:0:0:0:0:
64,192,86160,1,0,0:0:0:0:
192,192,86160,1,0,0:0:0:0:
192,192,86337,1,0,0:0:0:0:
64,192,86513,1,0,0:0:0:0:
320,192,86513,1,0,0:0:0:0:
192,192,86513,1,0,0:0:0:0:
320,192,86690,1,0,0:0:0:0:
320,192,86866,1,0,0:0:0:0:
64,192,86866,1,0,0:0:0:0:
64,192,87042,1,0,0:0:0:0:
448,192,87219,1,0,0:0:0:0:
64,192,87219,1,0,0:0:0:0:
192,192,87219,1,0,0:0:0:0:
192,192,87395,1,0,0:0:0:0:
192,192,87572,128,0,87925:0:0:0:0:
448,192,87572,1,0,0:0:0:0:
448,192,87748,1,0,0:0:0:0:
320,192,87925,1,0,0:0:0:0:
64,192,87925,1,0,0:0:0:0:
448,192,87925,1,0,0:0:0:0:
320,192,88101,1,0,0:0:0:0:
320,192,88278,1,0,0:0:0:0:
64,192,88278,1,0,0:0:0:0:
64,192,88454,1,0,0:0:0:0:
64,192,88631,1,0,0:0:0:0:
448,192,88631,1,0,0:0:0:0:
192,192,88631,1,0,0:0:0:0:
320,192,88807,128,0,88984:0:0:0:0:
448,192,88984,128,0,89337:0:0:0:0:
320,192,89160,128,0,89513:0:0:0:0:
64,192,89337,128,0,89690:0:0:0:0:
192,192,89513,128,0,89866:0:0:0:0:
448,192,89690,128,0,90042:0:0:0:0:
320,192,89866,128,0,90219:0:0:0:0:
64,192,90042,128,0,90395:0:0:0:0:
192,192,90219,128,0,90395:0:0:0:0:
448,192,90395,128,0,90748:0:0:0:0:
64,192,90748,1,0,0:0:0:0:
320,192,90748,128,0,90925:0:0:0:0:
192,192,90748,1,0,0:0:0:0:
448,192,90925,128,0,91101:0:0:0:0:
192,192,91101,1,0,0:0:0:0:
320,192,91101,1,0,0:0:0:0:
64,192,91278,128,0,91454:0:0:0:0:
448,192,91454,1,0,0:0:0:0:
320,192,91454,1,0,0:0:0:0:
192,192,91454,128,0,91631:0:0:0:0:
64,192,91631,128,0,91807:0:0:0:0:
192,192,91807,1,0,0:0:0:0:
320,192,91807,1,0,0:0:0:0:
448,192,91984,1,0,0:0:0:0:
192,192,92160,1,0,0:0:0:0:
320,192,92160,1,0,0:0:0:0:
64,192,92160,1,0,0:0:0:0:
448,192,92337,128,0,92690:0:0:0:0:
192,192,92513,1,0,0:0:0:0:
64,192,92513,1,0,0:0:0:0:
320,192,92690,128,0,92866:0:0:0:0:
64,192,92866,128,0,93042:0:0:0:0:
192,192,92866,1,0,0:0:0:0:
448,192,92866,1,0,0:0:0:0:
192,192,93042,128,0,93219:0:0:0:0:
64,192,93219,1,0,0:0:0:0:
448,192,93219,128,0,93572:0:0:0:0:
192,192,93395,1,0,0:0:0:0:
192,192,93572,1,0,0:0:0:0:
64,192,93572,1,0,0:0:0:0:
320,192,93572,128,0,93748:0:0:0:0:
448,192,93748,128,0,94101:0:0:0:0:
64,192,93925,1,0,0:0:0:0:
192,192,93925,1,0,0:0:0:0:
320,192,94101,128,0,94278:0:0:0:0:
64,192,94278,1,0,0:0:0:0:
448,192,94278,1,0,0:0:0:0:
192,192,94278,128,0,94454:0:0:0:0:
64,192,94454,128,0,94631:0:0:0:0:
448,192,94631,1,0,0:0:0:0:
320,192,94631,1,0,0:0:0:0:
64,192,94807,128,0,96042:0:0:0:0:
448,192,94807,1,0,0:0:0:0:
320,192,94895,1,0,0:0:0:0:
192,192,94984,1,0,0:0:0:0:
448,192,95072,1,0,0:0:0:0:
320,192,95160,1,0,0:0:0:0:
192,192,95248,1,0,0:0:0:0:
448,192,95337,1,0,0:0:0:0:
320,192,95337,1,0,0:0:0:0:
192,192,95425,1,0,0:0:0:0:
320,192,95513,1,0,0:0:0:0:
448,192,95601,1,0,0:0:0:0:
192,192,95690,1,0,0:0:0:0:
320,192,95778,1,0,0:0:0:0:
448,192,95866,1,0,0:0:0:0:
192,192,95954,1,0,0:0:0:0:
320,192,96042,1,0,0:0:0:0:
448,192,96042,128,0,96395:0:0:0:0:
192,192,96219,1,0,0:0:0:0:
320,192,96395,1,0,0:0:0:0:
64,192,96395,1,0,0:0:0:0:
192,192,96395,1,0,0:0:0:0:
448,192,96572,128,0,96748:0:0:0:0:
64,192,96748,128,0,96925:0:0:0:0:
192,192,96748,1,0,0:0:0:0:
320,192,96925,128,0,97101:0:0:0:0:
192,192,97101,1,0,0:0:0:0:
64,192,97101,1,0,0:0:0:0:
448,192,97101,1,0,0:0:0:0:
192,192,97278,128,0,97631:0:0:0:0:
320,192,97454,1,0,0:0:0:0:
448,192,97454,1,0,0:0:0:0:
448,192,97631,128,0,97807:0:0:0:0:
192,192,97807,1,0,0:0:0:0:
64,192,97807,1,0,0:0:0:0:
320,192,97807,128,0,97984:0:0:0:0:
64,192,97984,128,0,98160:0:0:0:0:
192,192,98160,128,0,98337:0:0:0:0:
320,192,98160,1,0,0:0:0:0:
448,192,98337,128,0,98513:0:0:0:0:
320,192,98513,128,0,98690:0:0:0:0:
192,192,98513,1,0,0:0:0:0:
64,192,98513,1,0,0:0:0:0:
192,192,98690,128,0,98866:0:0:0:0:
64,192,98866,128,0,99219:0:0:0:0:
320,192,98866,1,0,0:0:0:0:
448,192,99042,1,0,0:0:0:0:
192,192,99219,128,0,99395:0:0:0:0:
320,192,99219,1,0,0:0:0:0:
448,192,99219,1,0,0:0:0:0:
64,192,99395,128,0,99748:0:0:0:0:
320,192,99572,1,0,0:0:0:0:
448,192,99572,1,0,0:0:0:0:
192,192,99748,128,0,99925:0:0:0:0:
320,192,99925,128,0,100101:0:0:0:0:
64,192,99925,1,0,0:0:0:0:
448,192,99925,1,0,0:0:0:0:
448,192,100101,128,0,100278:0:0:0:0:
64,192,100278,128,0,100631:0:0:0:0:
192,192,100454,128,0,100807:0:0:0:0:
448,192,100631,128,0,100984:0:0:0:0:
320,192,100807,128,0,101160:0:0:0:0:
64,192,100984,128,0,101337:0:0:0:0:
192,192,101160,128,0,101513:0:0:0:0:
448,192,101337,128,0,101690:0:0:0:0:
320,192,101513,128,0,101690:0:0:0:0:
64,192,101690,128,0,102042:0:0:0:0:
192,192,101690,1,0,0:0:0:0:
320,192,101866,1,0,0:0:0:0:
448,192,102042,1,0,0:0:0:0:
320,192,102042,1,0,0:0:0:0:
192,192,102042,128,0,102219:0:0:0:0:
64,192,102219,128,0,102395:0:0:0:0:
320,192,102395,1,0,0:0:0:0:
448,192,102572,128,0,102748:0:0:0:0:
320,192,102748,128,0,102925:0:0:0:0:
192,192,102748,1,0,0:0:0:0:
64,192,102748,1,0,0:0:0:0:
448,192,102925,128,0,103101:0:0:0:0:
320,192,103101,1,0,0:0:0:0:
192,192,103101,1,0,0:0:0:0:
448,192,103278,1,0,0:0:0:0:
64,192,103454,1,0,0:0:0:0:
320,192,103454,1,0,0:0:0:0:
192,192,103454,1,0,0:0:0:0:
64,192,103631,128,0,103984:0:0:0:0:
320,192,103807,1,0,0:0:0:0:
448,192,103807,1,0,0:0:0:0:
192,192,103984,128,0,104160:0:0:0:0:
448,192,104160,128,0,104337:0:0:0:0:
320,192,104160,1,0,0:0:0:0:
64,192,104160,1,0,0:0:0:0:
320,192,104337,128,0,104513:0:0:0:0:
64,192,104513,128,0,104866:0:0:0:0:
192,192,104513,1,0,0:0:0:0:
448,192,104690,1,0,0:0:0:0:
192,192,104866,128,0,105042:0:0:0:0:
320,192,104866,1,0,0:0:0:0:
448,192,104866,1,0,0:0:0:0:
64,192,105042,128,0,105395:0:0:0:0:
448,192,105219,1,0,0:0:0:0:
320,192,105219,1,0,0:0:0:0:
192,192,105395,128,0,105572:0:0:0:0:
320,192,105572,128,0,105748:0:0:0:0:
64,192,105572,1,0,0:0:0:0:
448,192,105572,1,0,0:0:0:0:
448,192,105748,128,0,105925:0:0:0:0:
320,192,105925,1,0,0:0:0:0:
64,192,105925,1,0,0:0:0:0:
448,192,106101,128,0,107337:0:0:0:0:
64,192,106101,1,0,0:0:0:0:
192,192,106190,1,0,0:0:0:0:
320,192,106278,1,0,0:0:0:0:
64,192,106366,1,0,0:0:0:0:
192,192,106454,1,0,0:0:0:0:
320,192,106542,1,0,0:0:0:0:
64,192,106631,1,0,0:0:0:0:
192,192,106631,1,0,0:0:0:0:
320,192,106719,1,0,0:0:0:0:
192,192,106807,1,0,0:0:0:0:
64,192,106895,1,0,0:0:0:0:
320,192,106984,1,0,0:0:0:0:
192,192,107072,1,0,0:0:0:0:
64,192,107160,1,0,0:0:0:0:
320,192,107248,1,0,0:0:0:0:
64,192,107337,128,0,107690:0:0:0:0:
192,192,107337,1,0,0:0:0:0:
320,192,107513,1,0,0:0:0:0:
192,192,107690,1,0,0:0:0:0:
320,192,107690,1,0,0:0:0:0:
448,192,107690,1,0,0:0:0:0:
64,192,107866,128,0,108042:0:0:0:0:
448,192,108042,128,0,108219:0:0:0:0:
320,192,108042,1,0,0:0:0:0:
192,192,108219,128,0,108395:0:0:0:0:
64,192,108395,1,0,0:0:0:0:
320,192,108395,1,0,0:0:0:0:
448,192,108395,1,0,0:0:0:0:
320,192,108572,128,0,108925:0:0:0:0:
192,192,108748,1,0,0:0:0:0:
448,192,108748,1,0,0:0:0:0:
64,192,108925,128,0,109101:0:0:0:0:
192,192,109101,128,0,109278:0:0:0:0:
320,192,109101,1,0,0:0:0:0:
448,192,109101,1,0,0:0:0:0:
448,192,109278,128,0,109454:0:0:0:0:
320,192,109454,128,0,109631:0:0:0:0:
192,192,109454,1,0,0:0:0:0:
64,192,109631,128,0,109807:0:0:0:0:
192,192,109807,128,0,109984:0:0:0:0:
320,192,109807,1,0,0:0:0:0:
448,192,109807,1,0,0:0:0:0:
320,192,109984,128,0,110160:0:0:0:0:
448,192,110160,128,0,110513:0:0:0:0:
64,192,110160,1,0,0:0:0:0:
192,192,110337,1,0,0:0:0:0:
320,192,110513,128,0,110690:0:0:0:0:
192,192,110513,1,0,0:0:0:0:
64,192,110513,1,0,0:0:0:0:
448,192,110690,128,0,111042:0:0:0:0:
192,192,110866,1,0,0:0:0:0:
64,192,110866,1,0,0:0:0:0:
320,192,111042,128,0,111219:0:0:0:0:
192,192,111219,128,0,111395:0:0:0:0:
448,192,111219,1,0,0:0:0:0:
64,192,111219,1,0,0:0:0:0:
64,192,111395,128,0,111572:0:0:0:0:
448,192,111572,128,0,111925:0:0:0:0:
320,192,111748,128,0,112101:0:0:0:0:
64,192,111925,128,0,112278:0:0:0:0:
192,192,112101,128,0,112454:0:0:0:0:
448,192,112278,128,0,112631:0:0:0:0:
320,192,112454,128,0,112807:0:0:0:0:
64,192,112631,128,0,112984:0:0:0:0:
192,192,112807,128,0,112984:0:0:0:0:
320,192,112984,1,0,0:0:0:0:
448,192,112984,1,0,0:0:0:0:
64,192,113337,1,0,0:0:0:0:
192,192,113690,1,0,0:0:0:0:
320,192,114042,1,0,0:0:0:0:
192,192,114395,1,0,0:0:0:0:
64,192,114748,1,0,0:0:0:0:
448,192,115101,1,0,0:0:0:0:
320,192,115366,1,0,0:0:0:0:
192,192,115631,1,0,0:0:0:0:
320,192,115895,1,0,0:0:0:0:
448,192,116160,1,0,0:0:0:0:
64,192,116381,1,0,0:0:0:0:
320,192,116623,1,0,0:0:0:0:
192,192,116778,1,0,0:0:0:0:
448,192,116954,1,0,0:0:0:0:
192,192,117101,1,0,0:0:0:0:
320,192,117219,1,0,0:0:0:0:
64,192,117337,1,0,0:0:0:0:
448,192,117454,1,0,0:0:0:0:
192,192,117572,1,0,0:0:0:0:
320,192,117660,1,0,0:0:0:0:
192,192,117748,1,0,0:0:0:0:
448,192,117807,1,0,0:0:0:0:
64,192,117866,1,0,0:0:0:0:
320,192,117925,1,0,0:0:0:0:
192,192,117984,1,0,0:0:0:0:
448,192,118057,1,0,0:0:0:0:
320,192,118101,1,0,0:0:0:0:
192,192,118145,1,0,0:0:0:0:
64,192,118190,1,0,0:0:0:0:
448,192,118234,1,0,0:0:0:0:
320,192,118278,1,0,0:0:0:0:
192,192,118322,1,0,0:0:0:0:
64,192,118366,1,0,0:0:0:0:
448,192,118410,1,0,0:0:0:0:
320,192,118454,1,0,0:0:0:0:
192,192,118498,1,0,0:0:0:0:
64,192,118542,1,0,0:0:0:0:
448,192,118587,1,0,0:0:0:0:
192,192,118631,1,0,0:0:0:0:
64,192,118631,1,0,0:0:0:0:
320,192,118631,1,0,0:0:0:0:
320,192,118984,1,0,0:0:0:0:
448,192,118984,1,0,0:0:0:0:
192,192,119337,1,0,0:0:0:0:
64,192,119337,1,0,0:0:0:0:
320,192,119690,1,0,0:0:0:0:
448,192,119690,1,0,0:0:0:0:
192,192,120042,1,0,0:0:0:0:
320,192,120042,1,0,0:0:0:0:
64,192,120395,1,0,0:0:0:0:
448,192,120395,1,0,0:0:0:0:
192,192,120748,1,0,0:0:0:0:
320,192,120748,1,0,0:0:0:0:
448,192,121101,1,0,0:0:0:0:
64,192,121101,1,0,0:0:0:0:
448,192,121454,1,0,0:0:0:0:
192,192,121454,1,0,0:0:0:0:
64,192,121807,1,0,0:0:0:0:
320,192,121807,1,0,0:0:0:0:
192,192,122160,1,0,0:0:0:0:
448,192,122160,1,0,0:0:0:0:
64,192,122513,1,0,0:0:0:0:
320,192,122513,1,0,0:0:0:0:
448,192,122866,1,0,0:0:0:0:
320,192,122866,1,0,0:0:0:0:
192,192,123219,1,0,0:0:0:0:
64,192,123219,1,0,0:0:0:0:
448,192,123572,1,0,0:0:0:0:
320,192,123572,1,0,0:0:0:0:
192,192,123925,1,0,0:0:0:0:
64,192,123925,1,0,0:0:0:0:
448,192,124278,1,0,0:0:0:0:
64,192,124278,1,0,0:0:0:0:
192,192,124631,1,0,0:0:0:0:
320,192,124631,1,0,0:0:0:0:
448,192,124984,1,0,0:0:0:0:
64,192,124984,1,0,0:0:0:0:
192,192,125337,1,0,0:0:0:0:
320,192,125337,1,0,0:0:0:0:
320,192,125690,1,0,0:0:0:0:
64,192,125690,1,0,0:0:0:0:
192,192,126042,1,0,0:0:0:0:
448,192,126042,1,0,0:0:0:0:
64,192,126395,1,0,0:0:0:0:
320,192,126395,1,0,0:0:0:0:
192,192,126748,1,0,0:0:0:0:
448,192,126748,1,0,0:0:0:0:
64,192,127101,1,0,0:0:0:0:
448,192,127101,1,0,0:0:0:0:
192,192,127454,1,0,0:0:0:0:
320,192,127454,1,0,0:0:0:0:
64,192,127807,1,0,0:0:0:0:
448,192,127807,1,0,0:0:0:0:
320,192,128160,1,0,0:0:0:0:
192,192,128160,1,0,0:0:0:0:
192,192,128513,1,0,0:0:0:0:
64,192,128513,1,0,0:0:0:0:
320,192,128866,1,0,0:0:0:0:
448,192,128866,1,0,0:0:0:0:
192,192,129219,1,0,0:0:0:0:
64,192,129219,1,0,0:0:0:0:
448,192,129572,1,0,0:0:0:0:
320,192,129572,1,0,0:0:0:0:
320,192,129925,1,0,0:0:0:0:
192,192,129925,1,0,0:0:0:0:
64,192,129925,1,0,0:0:0:0:
192,192,130454,1,0,0:0:0:0:
320,192,130454,1,0,0:0:0:0:
448,192,130454,1,0,0:0:0:0:
64,192,130984,1,0,0:0:0:0:
192,192,130984,1,0,0:0:0:0:
448,192,130984,1,0,0:0:0:0:
320,192,130984,1,0,0:0:0:0:
192,192,131337,1,0,0:0:0:0:
64,192,131337,1,0,0:0:0:0:
448,192,131337,1,0,0:0:0:0:
320,192,131866,1,0,0:0:0:0:
448,192,131866,1,0,0:0:0:0:
64,192,131866,1,0,0:0:0:0:
64,192,132395,1,0,0:0:0:0:
192,192,132395,1,0,0:0:0:0:
448,192,132395,1,0,0:0:0:0:
320,192,132395,1,0,0:0:0:0:
448,192,132748,1,0,0:0:0:0:
192,192,132748,1,0,0:0:0:0:
320,192,132748,1,0,0:0:0:0:
320,192,133278,1,0,0:0:0:0:
64,192,133278,1,0,0:0:0:0:
192,192,133278,1,0,0:0:0:0:
64,192,133807,5,0,0:0:0:0:
320,192,133807,1,0,0:0:0:0:
192,192,133807,1,0,0:0:0:0:
448,192,133807,1,0,0:0:0:0:
448,192,134160,1,0,0:0:0:0:
320,192,134160,1,0,0:0:0:0:
64,192,134160,1,0,0:0:0:0:
192,192,134690,1,0,0:0:0:0:
448,192,134690,1,0,0:0:0:0:
64,192,134690,1,0,0:0:0:0:
448,192,135219,1,0,0:0:0:0:
320,192,135219,1,0,0:0:0:0:
192,192,135219,1,0,0:0:0:0:
64,192,135219,1,0,0:0:0:0:
320,192,135572,5,0,0:0:0:0:
192,192,135572,1,0,0:0:0:0:
64,192,135572,1,0,0:0:0:0:
192,192,136101,1,0,0:0:0:0:
320,192,136101,1,0,0:0:0:0:
448,192,136101,1,0,0:0:0:0:
64,192,136631,5,0,0:0:0:0:
192,192,136631,1,0,0:0:0:0:
320,192,136631,1,0,0:0:0:0:
448,192,136631,1,0,0:0:0:0:
320,192,136984,1,0,0:0:0:0:
192,192,136984,1,0,0:0:0:0:
448,192,136984,1,0,0:0:0:0:
64,192,136984,1,0,0:0:0:0:
192,192,137337,1,0,0:0:0:0:
320,192,137337,1,0,0:0:0:0:
64,192,137337,1,0,0:0:0:0:
448,192,137337,1,0,0:0:0:0:
448,192,137690,1,0,0:0:0:0:
320,192,137690,1,0,0:0:0:0:
64,192,137690,1,0,0:0:0:0:
192,192,137690,1,0,0:0:0:0:
64,192,137866,1,0,0:0:0:0:
448,192,137866,1,0,0:0:0:0:
192,192,137866,1,0,0:0:0:0:
320,192,137866,1,0,0:0:0:0:
448,192,138042,1,0,0:0:0:0:
320,192,138042,1,0,0:0:0:0:
192,192,138042,1,0,0:0:0:0:
64,192,138042,1,0,0:0:0:0:
448,192,138395,128,0,139807:0:0:0:0:
64,192,138395,128,0,139807:0:0:0:0:
64,192,140866,5,0,0:0:0:0:
448,192,140866,1,0,0:0:0:0:
192,192,140954,1,0,0:0:0:0:
320,192,140954,1,0,0:0:0:0:
64,192,141042,1,0,0:0:0:0:
448,192,141042,1,0,0:0:0:0:
64,192,141219,1,0,0:0:0:0:
192,192,141219,1,0,0:0:0:0:
448,192,141219,128,0,141748:0:0:0:0:
320,192,141219,128,0,141395:0:0:0:0:
320,192,141572,128,0,141925:0:0:0:0:
64,192,141748,128,0,141925:0:0:0:0:
192,192,141925,128,0,142101:0:0:0:0:
448,192,142101,128,0,142278:0:0:0:0:
320,192,142101,128,0,142278:0:0:0:0:
64,192,142278,128,0,142454:0:0:0:0:
320,192,142454,128,0,142984:0:0:0:0:
192,192,142454,128,0,142807:0:0:0:0:
64,192,142984,128,0,143337:0:0:0:0:
192,192,142984,128,0,143160:0:0:0:0:
320,192,143160,128,0,143337:0:0:0:0:
448,192,143337,128,0,143513:0:0:0:0:
320,192,143513,128,0,143690:0:0:0:0:
64,192,143513,128,0,143690:0:0:0:0:
192,192,143690,128,0,143866:0:0:0:0:
320,192,143866,128,0,144042:0:0:0:0:
448,192,143866,128,0,144042:0:0:0:0:
192,192,144042,128,0,144572:0:0:0:0:
64,192,144042,128,0,144219:0:0:0:0:
64,192,144395,128,0,144748:0:0:0:0:
448,192,144572,128,0,144748:0:0:0:0:
192,192,144748,128,0,144925:0:0:0:0:
320,192,144925,128,0,145101:0:0:0:0:
64,192,144925,128,0,145101:0:0:0:0:
448,192,145101,128,0,145278:0:0:0:0:
64,192,145278,128,0,145807:0:0:0:0:
320,192,145278,128,0,145631:0:0:0:0:
192,192,145454,128,0,145807:0:0:0:0:
448,192,145807,128,0,146160:0:0:0:0:
320,192,145807,128,0,145984:0:0:0:0:
64,192,145984,128,0,146160:0:0:0:0:
192,192,146160,128,0,146337:0:0:0:0:
320,192,146337,128,0,146513:0:0:0:0:
64,192,146337,128,0,146513:0:0:0:0:
192,192,146513,128,0,146690:0:0:0:0:
320,192,146690,128,0,146866:0:0:0:0:
448,192,146690,128,0,146866:0:0:0:0:
64,192,146866,128,0,147395:0:0:0:0:
192,192,146866,128,0,147042:0:0:0:0:
192,192,147219,128,0,147572:0:0:0:0:
448,192,147395,128,0,147572:0:0:0:0:
64,192,147572,128,0,147748:0:0:0:0:
320,192,147748,128,0,147925:0:0:0:0:
192,192,147748,128,0,147925:0:0:0:0:
448,192,147925,128,0,148101:0:0:0:0:
192,192,148101,128,0,148631:0:0:0:0:
64,192,148101,128,0,148454:0:0:0:0:
448,192,148631,128,0,148984:0:0:0:0:
320,192,148631,128,0,148807:0:0:0:0:
64,192,148807,128,0,148984:0:0:0:0:
320,192,148984,128,0,149160:0:0:0:0:
448,192,149160,128,0,149337:0:0:0:0:
192,192,149160,128,0,149337:0:0:0:0:
64,192,149337,128,0,149513:0:0:0:0:
192,192,149513,128,0,149690:0:0:0:0:
448,192,149513,128,0,149690:0:0:0:0:
320,192,149690,128,0,150219:0:0:0:0:
64,192,149690,128,0,149866:0:0:0:0:
448,192,150042,128,0,150395:0:0:0:0:
192,192,150219,128,0,150395:0:0:0:0:
320,192,150395,128,0,150572:0:0:0:0:
64,192,150572,128,0,150748:0:0:0:0:
448,192,150572,128,0,150748:0:0:0:0:
192,192,150748,128,0,150925:0:0:0:0:
448,192,150925,128,0,151454:0:0:0:0:
64,192,150925,128,0,151278:0:0:0:0:
320,192,151101,128,0,151454:0:0:0:0:
64,192,151454,128,0,151807:0:0:0:0:
192,192,151454,128,0,151631:0:0:0:0:
320,192,151631,128,0,151807:0:0:0:0:
448,192,151807,128,0,151984:0:0:0:0:
320,192,151984,128,0,152160:0:0:0:0:
64,192,151984,128,0,152160:0:0:0:0:
192,192,152160,128,0,152337:0:0:0:0:
448,192,152337,128,0,152513:0:0:0:0:
64,192,152337,128,0,152513:0:0:0:0:
320,192,152513,128,0,153042:0:0:0:0:
192,192,152513,128,0,152690:0:0:0:0:
192,192,152866,128,0,153219:0:0:0:0:
64,192,153042,128,0,153219:0:0:0:0:
448,192,153219,128,0,153395:0:0:0:0:
64,192,153395,128,0,153572:0:0:0:0:
320,192,153395,128,0,153572:0:0:0:0:
192,192,153572,128,0,153748:0:0:0:0:
64,192,153748,128,0,154278:0:0:0:0:
320,192,153748,128,0,154101:0:0:0:0:
448,192,154278,128,0,154675:0:0:0:0:
320,192,154278,128,0,154454:0:0:0:0:
192,192,154454,128,0,154631:0:0:0:0:
64,192,154631,128,0,154807:0:0:0:0:
192,192,154807,128,0,154984:0:0:0:0:
320,192,154807,128,0,154984:0:0:0:0:
448,192,154984,128,0,155160:0:0:0:0:
320,192,155160,128,0,155337:0:0:0:0:
64,192,155160,128,0,155337:0:0:0:0:
192,192,155337,128,0,155513:0:0:0:0:
448,192,155337,128,0,155866:0:0:0:0:
192,192,155690,128,0,156042:0:0:0:0:
320,192,155866,128,0,156042:0:0:0:0:
448,192,156042,128,0,156219:0:0:0:0:
64,192,156219,128,0,156395:0:0:0:0:
192,192,156219,128,0,156395:0:0:0:0:
320,192,156395,128,0,156572:0:0:0:0:
192,192,156572,128,0,156925:0:0:0:0:
64,192,156572,128,0,157101:0:0:0:0:
448,192,156748,128,0,157101:0:0:0:0:
192,192,157101,128,0,157454:0:0:0:0:
320,192,157101,128,0,157278:0:0:0:0:
64,192,157278,128,0,157454:0:0:0:0:
448,192,157454,128,0,157631:0:0:0:0:
64,192,157631,128,0,157807:0:0:0:0:
320,192,157631,128,0,157807:0:0:0:0:
192,192,157807,128,0,157984:0:0:0:0:
320,192,157984,128,0,158160:0:0:0:0:
448,192,157984,128,0,158160:0:0:0:0:
192,192,158160,5,0,0:0:0:0:
64,192,158160,1,0,0:0:0:0:
448,192,158337,1,0,0:0:0:0:
320,192,158513,1,0,0:0:0:0:
192,192,158690,1,0,0:0:0:0:
320,192,158866,1,0,0:0:0:0:
448,192,158866,1,0,0:0:0:0:
64,192,159042,1,0,0:0:0:0:
192,192,159219,1,0,0:0:0:0:
320,192,159395,1,0,0:0:0:0:
192,192,159572,1,0,0:0:0:0:
448,192,159572,1,0,0:0:0:0:
64,192,159748,1,0,0:0:0:0:
64,192,159925,5,0,0:0:0:0:
320,192,159925,1,0,0:0:0:0:
448,192,160101,1,0,0:0:0:0:
448,192,160278,1,0,0:0:0:0:
192,192,160278,1,0,0:0:0:0:
64,192,160454,1,0,0:0:0:0:
320,192,160631,1,0,0:0:0:0:
64,192,160631,1,0,0:0:0:0:
448,192,160807,1,0,0:0:0:0:
320,192,160984,5,0,0:0:0:0:
192,192,160984,1,0,0:0:0:0:
64,192,161160,5,0,0:0:0:0:
448,192,161160,1,0,0:0:0:0:
320,192,161337,1,0,0:0:0:0:
192,192,161337,1,0,0:0:0:0:
64,192,161513,1,0,0:0:0:0:
448,192,161513,1,0,0:0:0:0:
320,192,161690,5,0,0:0:0:0:
448,192,161690,1,0,0:0:0:0:
192,192,161778,1,0,0:0:0:0:
64,192,161778,1,0,0:0:0:0:
448,192,161866,1,0,0:0:0:0:
320,192,161866,1,0,0:0:0:0:
192,192,161954,1,0,0:0:0:0:
64,192,161954,1,0,0:0:0:0:
320,192,162042,1,0,0:0:0:0:
448,192,162042,1,0,0:0:0:0:
192,192,162131,1,0,0:0:0:0:
64,192,162131,1,0,0:0:0:0:
320,192,162219,1,0,0:0:0:0:
448,192,162219,1,0,0:0:0:0:
192,192,162307,1,0,0:0:0:0:
64,192,162307,1,0,0:0:0:0:
448,192,162395,1,0,0:0:0:0:
320,192,162440,1,0,0:0:0:0:
192,192,162484,1,0,0:0:0:0:
64,192,162528,1,0,0:0:0:0:
448,192,162572,1,0,0:0:0:0:
320,192,162616,1,0,0:0:0:0:
64,192,162660,1,0,0:0:0:0:
192,192,162704,1,0,0:0:0:0:
320,192,162748,1,0,0:0:0:0:
448,192,162792,1,0,0:0:0:0:
64,192,162837,1,0,0:0:0:0:
192,192,162881,1,0,0:0:0:0:
448,192,162925,1,0,0:0:0:0:
320,192,162969,1,0,0:0:0:0:
192,192,163013,1,0,0:0:0:0:
64,192,163057,1,0,0:0:0:0:
448,192,163101,1,0,0:0:0:0:
320,192,163145,1,0,0:0:0:0:
64,192,163190,1,0,0:0:0:0:
192,192,163234,1,0,0:0:0:0:
320,192,163278,1,0,0:0:0:0:
448,192,163322,1,0,0:0:0:0:
64,192,163366,1,0,0:0:0:0:
192,192,163410,1,0,0:0:0:0:
448,192,163454,1,0,0:0:0:0:
320,192,163498,1,0,0:0:0:0:
192,192,163542,1,0,0:0:0:0:
64,192,163587,1,0,0:0:0:0:
448,192,163631,1,0,0:0:0:0:
320,192,163675,1,0,0:0:0:0:
64,192,163719,1,0,0:0:0:0:
192,192,163763,1,0,0:0:0:0:
320,192,163807,1,0,0:0:0:0:
448,192,163807,128,0,164160:0:0:0:0:
192,192,163984,1,0,0:0:0:0:
320,192,164160,1,0,0:0:0:0:
192,192,164160,1,0,0:0:0:0:
64,192,164160,1,0,0:0:0:0:
448,192,164337,1,0,0:0:0:0:
64,192,164513,1,0,0:0:0:0:
192,192,164513,1,0,0:0:0:0:
320,192,164690,1,0,0:0:0:0:
64,192,164866,1,0,0:0:0:0:
192,192,164866,1,0,0:0:0:0:
448,192,164866,1,0,0:0:0:0:
320,192,165042,128,0,165572:0:0:0:0:
192,192,165219,1,0,0:0:0:0:
448,192,165219,1,0,0:0:0:0:
64,192,165395,1,0,0:0:0:0:
192,192,165572,1,0,0:0:0:0:
448,192,165572,1,0,0:0:0:0:
64,192,165572,1,0,0:0:0:0:
320,192,165748,1,0,0:0:0:0:
448,192,165925,1,0,0:0:0:0:
192,192,165925,1,0,0:0:0:0:
64,192,166101,1,0,0:0:0:0:
192,192,166278,1,0,0:0:0:0:
320,192,166278,1,0,0:0:0:0:
448,192,166278,1,0,0:0:0:0:
192,192,166454,1,0,0:0:0:0:
192,192,166631,128,0,166984:0:0:0:0:
320,192,166631,1,0,0:0:0:0:
448,192,166807,1,0,0:0:0:0:
448,192,166984,1,0,0:0:0:0:
320,192,166984,1,0,0:0:0:0:
64,192,166984,1,0,0:0:0:0:
192,192,167160,1,0,0:0:0:0:
64,192,167337,1,0,0:0:0:0:
448,192,167337,1,0,0:0:0:0:
320,192,167513,1,0,0:0:0:0:
192,192,167690,1,0,0:0:0:0:
64,192,167690,1,0,0:0:0:0:
448,192,167690,1,0,0:0:0:0:
320,192,167866,128,0,168395:0:0:0:0:
192,192,168042,1,0,0:0:0:0:
448,192,168042,128,0,168395:0:0:0:0:
64,192,168219,1,0,0:0:0:0:
192,192,168395,1,0,0:0:0:0:
64,192,168395,1,0,0:0:0:0:
320,192,168572,1,0,0:0:0:0:
64,192,168748,1,0,0:0:0:0:
448,192,168748,1,0,0:0:0:0:
192,192,168925,1,0,0:0:0:0:
64,192,169101,1,0,0:0:0:0:
448,192,169101,1,0,0:0:0:0:
320,192,169101,1,0,0:0:0:0:
64,192,169278,1,0,0:0:0:0:
448,192,169454,1,0,0:0:0:0:
64,192,169454,128,0,169807:0:0:0:0:
320,192,169631,1,0,0:0:0:0:
192,192,169807,1,0,0:0:0:0:
448,192,169807,1,0,0:0:0:0:
320,192,169807,1,0,0:0:0:0:
64,192,169984,1,0,0:0:0:0:
448,192,170160,1,0,0:0:0:0:
192,192,170160,1,0,0:0:0:0:
320,192,170337,1,0,0:0:0:0:
192,192,170513,1,0,0:0:0:0:
64,192,170513,1,0,0:0:0:0:
448,192,170513,1,0,0:0:0:0:
320,192,170690,128,0,171219:0:0:0:0:
64,192,170866,1,0,0:0:0:0:
448,192,170866,1,0,0:0:0:0:
192,192,171042,1,0,0:0:0:0:
192,192,171219,1,0,0:0:0:0:
64,192,171219,1,0,0:0:0:0:
448,192,171219,1,0,0:0:0:0:
320,192,171395,1,0,0:0:0:0:
192,192,171572,1,0,0:0:0:0:
64,192,171572,1,0,0:0:0:0:
448,192,171748,1,0,0:0:0:0:
192,192,171925,1,0,0:0:0:0:
64,192,171925,1,0,0:0:0:0:
320,192,171925,1,0,0:0:0:0:
192,192,172101,1,0,0:0:0:0:
448,192,172278,1,0,0:0:0:0:
192,192,172278,128,0,172631:0:0:0:0:
320,192,172454,1,0,0:0:0:0:
320,192,172631,1,0,0:0:0:0:
448,192,172631,1,0,0:0:0:0:
64,192,172631,1,0,0:0:0:0:
64,192,172807,1,0,0:0:0:0:
448,192,172984,1,0,0:0:0:0:
320,192,172984,1,0,0:0:0:0:
192,192,173160,1,0,0:0:0:0:
64,192,173337,1,0,0:0:0:0:
320,192,173337,1,0,0:0:0:0:
448,192,173337,1,0,0:0:0:0:
192,192,173513,128,0,173690:0:0:0:0:
320,192,173690,128,0,174042:0:0:0:0:
192,192,173866,128,0,174219:0:0:0:0:
448,192,174042,128,0,174395:0:0:0:0:
64,192,174219,128,0,174572:0:0:0:0:
320,192,174395,128,0,174748:0:0:0:0:
192,192,174572,128,0,174925:0:0:0:0:
448,192,174748,128,0,175101:0:0:0:0:
64,192,174925,128,0,175101:0:0:0:0:
192,192,175101,1,0,0:0:0:0:
320,192,175101,128,0,175454:0:0:0:0:
192,192,175278,1,0,0:0:0:0:
192,192,175454,1,0,0:0:0:0:
64,192,175454,1,0,0:0:0:0:
448,192,175454,1,0,0:0:0:0:
448,192,175631,1,0,0:0:0:0:
448,192,175807,1,0,0:0:0:0:
192,192,175807,1,0,0:0:0:0:
192,192,175984,1,0,0:0:0:0:
320,192,176160,1,0,0:0:0:0:
192,192,176160,1,0,0:0:0:0:
64,192,176160,1,0,0:0:0:0:
320,192,176337,128,0,176866:0:0:0:0:
64,192,176513,1,0,0:0:0:0:
192,192,176513,1,0,0:0:0:0:
64,192,176690,1,0,0:0:0:0:
64,192,176866,1,0,0:0:0:0:
448,192,176866,1,0,0:0:0:0:
192,192,176866,1,0,0:0:0:0:
448,192,177042,1,0,0:0:0:0:
448,192,177219,1,0,0:0:0:0:
64,192,177219,1,0,0:0:0:0:
64,192,177395,1,0,0:0:0:0:
448,192,177572,1,0,0:0:0:0:
64,192,177572,1,0,0:0:0:0:
192,192,177572,1,0,0:0:0:0:
192,192,177748,1,0,0:0:0:0:
192,192,177925,128,0,178278:0:0:0:0:
320,192,177925,1,0,0:0:0:0:
320,192,178101,1,0,0:0:0:0:
448,192,178278,1,0,0:0:0:0:
320,192,178278,1,0,0:0:0:0:
64,192,178278,1,0,0:0:0:0:
448,192,178454,1,0,0:0:0:0:
448,192,178631,1,0,0:0:0:0:
192,192,178631,1,0,0:0:0:0:
192,192,178807,1,0,0:0:0:0:
448,192,178984,1,0,0:0:0:0:
192,192,178984,1,0,0:0:0:0:
64,192,178984,1,0,0:0:0:0:
64,192,179160,128,0,179690:0:0:0:0:
192,192,179337,128,0,179690:0:0:0:0:
320,192,179337,1,0,0:0:0:0:
320,192,179513,1,0,0:0:0:0:
320,192,179690,1,0,0:0:0:0:
448,192,179690,1,0,0:0:0:0:
448,192,179866,1,0,0:0:0:0:
192,192,180042,1,0,0:0:0:0:
448,192,180042,1,0,0:0:0:0:
192,192,180219,1,0,0:0:0:0:
448,192,180395,1,0,0:0:0:0:
192,192,180395,1,0,0:0:0:0:
64,192,180395,1,0,0:0:0:0:
64,192,180572,1,0,0:0:0:0:
64,192,180748,128,0,181101:0:0:0:0:
320,192,180748,1,0,0:0:0:0:
320,192,180925,1,0,0:0:0:0:
192,192,181101,1,0,0:0:0:0:
320,192,181101,1,0,0:0:0:0:
448,192,181101,1,0,0:0:0:0:
192,192,181278,1,0,0:0:0:0:
192,192,181454,1,0,0:0:0:0:
320,192,181454,1,0,0:0:0:0:
320,192,181631,1,0,0:0:0:0:
320,192,181807,1,0,0:0:0:0:
448,192,181807,1,0,0:0:0:0:
64,192,181807,1,0,0:0:0:0:
448,192,181984,128,0,182513:0:0:0:0:
64,192,182160,1,0,0:0:0:0:
192,192,182160,1,0,0:0:0:0:
192,192,182337,1,0,0:0:0:0:
64,192,182513,1,0,0:0:0:0:
192,192,182513,1,0,0:0:0:0:
320,192,182513,1,0,0:0:0:0:
448,192,182690,1,0,0:0:0:0:
448,192,182866,1,0,0:0:0:0:
320,192,182866,1,0,0:0:0:0:
320,192,183042,1,0,0:0:0:0:
320,192,183219,1,0,0:0:0:0:
64,192,183219,1,0,0:0:0:0:
192,192,183219,1,0,0:0:0:0:
192,192,183395,1,0,0:0:0:0:
192,192,183572,128,0,183925:0:0:0:0:
320,192,183572,1,0,0:0:0:0:
320,192,183748,1,0,0:0:0:0:
320,192,183925,5,0,0:0:0:0:
448,192,183925,1,0,0:0:0:0:
64,192,183925,1,0,0:0:0:0:
64,192,184101,1,0,0:0:0:0:
64,192,184278,1,0,0:0:0:0:
448,192,184278,1,0,0:0:0:0:
448,192,184454,1,0,0:0:0:0:
192,192,184631,128,0,184984:0:0:0:0:
320,192,184631,128,0,184984:0:0:0:0:
448,192,184631,1,0,0:0:0:0:
64,192,184984,5,0,0:0:0:0:
448,192,184984,1,0,0:0:0:0:
448,192,185337,1,0,0:0:0:0:
64,192,185337,1,0,0:0:0:0:
64,192,185690,1,0,0:0:0:0:
448,192,185690,1,0,0:0:0:0:
64,192,185954,1,0,0:0:0:0:
192,192,185998,1,0,0:0:0:0:
320,192,186042,1,0,0:0:0:0:
448,192,186042,1,0,0:0:0:0:
192,192,186131,1,0,0:0:0:0:
64,192,186131,1,0,0:0:0:0:
320,192,186219,1,0,0:0:0:0:
448,192,186219,1,0,0:0:0:0:
64,192,186307,1,0,0:0:0:0:
192,192,186307,1,0,0:0:0:0:
320,192,186395,1,0,0:0:0:0:
448,192,186395,1,0,0:0:0:0:
192,192,186572,1,0,0:0:0:0:
64,192,186748,1,0,0:0:0:0:
320,192,186748,1,0,0:0:0:0:
192,192,186925,1,0,0:0:0:0:
320,192,187101,1,0,0:0:0:0:
448,192,187101,1,0,0:0:0:0:
192,192,187278,1,0,0:0:0:0:
64,192,187454,1,0,0:0:0:0:
320,192,187454,1,0,0:0:0:0:
192,192,187631,1,0,0:0:0:0:
448,192,187807,1,0,0:0:0:0:
64,192,187807,1,0,0:0:0:0:
320,192,187984,1,0,0:0:0:0:
192,192,188160,1,0,0:0:0:0:
64,192,188160,1,0,0:0:0:0:
320,192,188337,1,0,0:0:0:0:
448,192,188513,1,0,0:0:0:0:
192,192,188513,1,0,0:0:0:0:
320,192,188690,1,0,0:0:0:0:
192,192,188866,1,0,0:0:0:0:
64,192,188866,1,0,0:0:0:0:
320,192,189042,1,0,0:0:0:0:
64,192,189219,5,0,0:0:0:0:
192,192,189263,1,0,0:0:0:0:
320,192,189307,1,0,0:0:0:0:
448,192,189351,1,0,0:0:0:0:
64,192,189395,1,0,0:0:0:0:
192,192,189440,1,0,0:0:0:0:
320,192,189484,1,0,0:0:0:0:
448,192,189528,1,0,0:0:0:0:
64,192,189572,1,0,0:0:0:0:
192,192,189572,1,0,0:0:0:0:
320,192,189748,1,0,0:0:0:0:
448,192,189925,1,0,0:0:0:0:
192,192,189925,1,0,0:0:0:0:
64,192,190101,1,0,0:0:0:0:
192,192,190278,1,0,0:0:0:0:
448,192,190278,1,0,0:0:0:0:
320,192,190454,1,0,0:0:0:0:
64,192,190631,1,0,0:0:0:0:
192,192,190675,1,0,0:0:0:0:
448,192,190719,1,0,0:0:0:0:
320,192,190763,1,0,0:0:0:0:
64,192,190807,1,0,0:0:0:0:
192,192,190851,1,0,0:0:0:0:
448,192,190895,1,0,0:0:0:0:
320,192,190940,1,0,0:0:0:0:
192,192,190984,1,0,0:0:0:0:
64,192,190984,1,0,0:0:0:0:
448,192,191160,1,0,0:0:0:0:
320,192,191337,1,0,0:0:0:0:
64,192,191337,1,0,0:0:0:0:
192,192,191513,1,0,0:0:0:0:
64,192,191690,1,0,0:0:0:0:
320,192,191690,1,0,0:0:0:0:
448,192,191866,1,0,0:0:0:0:
320,192,192042,1,0,0:0:0:0:
64,192,192042,1,0,0:0:0:0:
192,192,192219,1,0,0:0:0:0:
64,192,192395,1,0,0:0:0:0:
320,192,192395,1,0,0:0:0:0:
448,192,192395,1,0,0:0:0:0:
64,192,192572,1,0,0:0:0:0:
448,192,192748,1,0,0:0:0:0:
192,192,192748,1,0,0:0:0:0:
320,192,192925,1,0,0:0:0:0:
448,192,193101,1,0,0:0:0:0:
64,192,193101,1,0,0:0:0:0:
192,192,193101,1,0,0:0:0:0:
192,192,193278,1,0,0:0:0:0:
64,192,193454,1,0,0:0:0:0:
320,192,193454,1,0,0:0:0:0:
448,192,193631,1,0,0:0:0:0:
192,192,193807,1,0,0:0:0:0:
64,192,193807,1,0,0:0:0:0:
320,192,193807,1,0,0:0:0:0:
320,192,193984,1,0,0:0:0:0:
64,192,194160,1,0,0:0:0:0:
448,192,194160,1,0,0:0:0:0:
192,192,194337,1,0,0:0:0:0:
320,192,194513,1,0,0:0:0:0:
448,192,194513,1,0,0:0:0:0:
64,192,194513,1,0,0:0:0:0:
64,192,194690,1,0,0:0:0:0:
448,192,194866,1,0,0:0:0:0:
320,192,194910,1,0,0:0:0:0:
192,192,194954,1,0,0:0:0:0:
64,192,194998,1,0,0:0:0:0:
448,192,195042,1,0,0:0:0:0:
320,192,195087,1,0,0:0:0:0:
192,192,195131,1,0,0:0:0:0:
64,192,195175,1,0,0:0:0:0:
448,192,195219,1,0,0:0:0:0:
320,192,195219,1,0,0:0:0:0:
192,192,195219,1,0,0:0:0:0:
64,192,195395,1,0,0:0:0:0:
448,192,195572,1,0,0:0:0:0:
320,192,195572,1,0,0:0:0:0:
192,192,195748,1,0,0:0:0:0:
64,192,195925,1,0,0:0:0:0:
448,192,195925,1,0,0:0:0:0:
320,192,195925,1,0,0:0:0:0:
320,192,196101,1,0,0:0:0:0:
448,192,196278,1,0,0:0:0:0:
320,192,196322,1,0,0:0:0:0:
64,192,196366,1,0,0:0:0:0:
192,192,196410,1,0,0:0:0:0:
448,192,196454,1,0,0:0:0:0:
320,192,196498,1,0,0:0:0:0:
64,192,196542,1,0,0:0:0:0:
192,192,196587,1,0,0:0:0:0:
320,192,196631,1,0,0:0:0:0:
448,192,196631,1,0,0:0:0:0:
64,192,196631,128,0,197601:0:0:0:0:
448,192,196895,128,0,197601:0:0:0:0:
192,192,197160,128,0,197601:0:0:0:0:
320,192,197425,128,0,197601:0:0:0:0:
64,192,197690,1,0,0:0:0:0:
448,192,197690,1,0,0:0:0:0:
192,192,197778,1,0,0:0:0:0:
320,192,197866,1,0,0:0:0:0:
448,192,197954,1,0,0:0:0:0:
192,192,198042,1,0,0:0:0:0:
64,192,198042,1,0,0:0:0:0:
320,192,198042,1,0,0:0:0:0:
448,192,198131,1,0,0:0:0:0:
192,192,198219,1,0,0:0:0:0:
64,192,198307,1,0,0:0:0:0:
448,192,198395,1,0,0:0:0:0:
192,192,198395,1,0,0:0:0:0:
320,192,198484,1,0,0:0:0:0:
192,192,198572,1,0,0:0:0:0:
64,192,198660,1,0,0:0:0:0:
192,192,198748,1,0,0:0:0:0:
320,192,198748,1,0,0:0:0:0:
448,192,198748,1,0,0:0:0:0:
64,192,198837,1,0,0:0:0:0:
192,192,198925,1,0,0:0:0:0:
448,192,199013,1,0,0:0:0:0:
64,192,199101,1,0,0:0:0:0:
320,192,199101,1,0,0:0:0:0:
192,192,199190,1,0,0:0:0:0:
64,192,199278,1,0,0:0:0:0:
192,192,199366,1,0,0:0:0:0:
320,192,199454,1,0,0:0:0:0:
64,192,199454,1,0,0:0:0:0:
448,192,199454,1,0,0:0:0:0:
192,192,199542,1,0,0:0:0:0:
448,192,199631,1,0,0:0:0:0:
320,192,199719,1,0,0:0:0:0:
448,192,199807,1,0,0:0:0:0:
192,192,199807,1,0,0:0:0:0:
64,192,199895,1,0,0:0:0:0:
320,192,199984,1,0,0:0:0:0:
448,192,200072,1,0,0:0:0:0:
64,192,200160,1,0,0:0:0:0:
192,192,200160,1,0,0:0:0:0:
320,192,200160,1,0,0:0:0:0:
448,192,200248,1,0,0:0:0:0:
320,192,200337,1,0,0:0:0:0:
192,192,200425,1,0,0:0:0:0:
448,192,200513,1,0,0:0:0:0:
64,192,200513,1,0,0:0:0:0:
192,192,200557,1,0,0:0:0:0:
320,192,200601,1,0,0:0:0:0:
448,192,200645,1,0,0:0:0:0:
64,192,200690,1,0,0:0:0:0:
192,192,200734,1,0,0:0:0:0:
320,192,200778,1,0,0:0:0:0:
448,192,200822,1,0,0:0:0:0:
320,192,200866,1,0,0:0:0:0:
64,192,200866,1,0,0:0:0:0:
192,192,200866,1,0,0:0:0:0:
448,192,200954,1,0,0:0:0:0:
320,192,201042,1,0,0:0:0:0:
64,192,201131,1,0,0:0:0:0:
448,192,201219,1,0,0:0:0:0:
192,192,201219,1,0,0:0:0:0:
320,192,201307,1,0,0:0:0:0:
192,192,201395,1,0,0:0:0:0:
64,192,201484,1,0,0:0:0:0:
448,192,201572,1,0,0:0:0:0:
192,192,201572,1,0,0:0:0:0:
320,192,201572,1,0,0:0:0:0:
64,192,201660,1,0,0:0:0:0:
192,192,201748,1,0,0:0:0:0:
448,192,201837,1,0,0:0:0:0:
64,192,201925,1,0,0:0:0:0:
320,192,201925,1,0,0:0:0:0:
192,192,201969,1,0,0:0:0:0:
448,192,202013,1,0,0:0:0:0:
320,192,202057,1,0,0:0:0:0:
64,192,202101,1,0,0:0:0:0:
192,192,202145,1,0,0:0:0:0:
448,192,202190,1,0,0:0:0:0:
320,192,202234,1,0,0:0:0:0:
192,192,202278,1,0,0:0:0:0:
64,192,202278,1,0,0:0:0:0:
448,192,202278,1,0,0:0:0:0:
320,192,202366,1,0,0:0:0:0:
192,192,202454,1,0,0:0:0:0:
64,192,202542,1,0,0:0:0:0:
192,192,202631,1,0,0:0:0:0:
448,192,202631,1,0,0:0:0:0:
320,192,202719,1,0,0:0:0:0:
448,192,202807,1,0,0:0:0:0:
192,192,202895,1,0,0:0:0:0:
320,192,202984,1,0,0:0:0:0:
64,192,202984,1,0,0:0:0:0:
192,192,203072,1,0,0:0:0:0:
320,192,203160,1,0,0:0:0:0:
448,192,203248,1,0,0:0:0:0:
64,192,203337,1,0,0:0:0:0:
320,192,203337,1,0,0:0:0:0:
192,192,203425,1,0,0:0:0:0:
448,192,203513,1,0,0:0:0:0:
320,192,203601,1,0,0:0:0:0:
64,192,203690,1,0,0:0:0:0:
448,192,203690,1,0,0:0:0:0:
192,192,203690,1,0,0:0:0:0:
320,192,203778,1,0,0:0:0:0:
448,192,203866,1,0,0:0:0:0:
64,192,203954,1,0,0:0:0:0:
192,192,204042,1,0,0:0:0:0:
448,192,204042,1,0,0:0:0:0:
320,192,204131,1,0,0:0:0:0:
192,192,204219,1,0,0:0:0:0:
64,192,204307,1,0,0:0:0:0:
192,192,204395,1,0,0:0:0:0:
320,192,204395,1,0,0:0:0:0:
448,192,204395,1,0,0:0:0:0:
64,192,204484,1,0,0:0:0:0:
448,192,204572,1,0,0:0:0:0:
320,192,204660,1,0,0:0:0:0:
64,192,204748,1,0,0:0:0:0:
192,192,204748,1,0,0:0:0:0:
320,192,204837,1,0,0:0:0:0:
192,192,204925,1,0,0:0:0:0:
64,192,205013,1,0,0:0:0:0:
192,192,205101,1,0,0:0:0:0:
320,192,205101,1,0,0:0:0:0:
448,192,205101,1,0,0:0:0:0:
64,192,205190,1,0,0:0:0:0:
448,192,205278,1,0,0:0:0:0:
320,192,205366,1,0,0:0:0:0:
192,192,205454,1,0,0:0:0:0:
448,192,205454,1,0,0:0:0:0:
64,192,205542,1,0,0:0:0:0:
192,192,205631,1,0,0:0:0:0:
448,192,205719,1,0,0:0:0:0:
320,192,205807,1,0,0:0:0:0:
192,192,205807,1,0,0:0:0:0:
64,192,205807,1,0,0:0:0:0:
448,192,205895,1,0,0:0:0:0:
320,192,205984,1,0,0:0:0:0:
192,192,206072,1,0,0:0:0:0:
448,192,206160,1,0,0:0:0:0:
64,192,206160,1,0,0:0:0:0:
320,192,206204,1,0,0:0:0:0:
192,192,206248,1,0,0:0:0:0:
64,192,206292,1,0,0:0:0:0:
448,192,206337,1,0,0:0:0:0:
320,192,206381,1,0,0:0:0:0:
192,192,206425,1,0,0:0:0:0:
64,192,206469,1,0,0:0:0:0:
320,192,206513,1,0,0:0:0:0:
448,192,206513,1,0,0:0:0:0:
192,192,206690,1,0,0:0:0:0:
448,192,206690,1,0,0:0:0:0:
192,192,206866,1,0,0:0:0:0:
320,192,206866,1,0,0:0:0:0:
320,192,207042,1,0,0:0:0:0:
64,192,207042,1,0,0:0:0:0:
192,192,207219,1,0,0:0:0:0:
64,192,207219,1,0,0:0:0:0:
320,192,207395,1,0,0:0:0:0:
64,192,207395,1,0,0:0:0:0:
192,192,207572,1,0,0:0:0:0:
320,192,207572,1,0,0:0:0:0:
192,192,207748,1,0,0:0:0:0:
448,192,207748,1,0,0:0:0:0:
448,192,207925,1,0,0:0:0:0:
320,192,207925,1,0,0:0:0:0:
448,192,208101,1,0,0:0:0:0:
192,192,208101,1,0,0:0:0:0:
192,192,208278,1,0,0:0:0:0:
320,192,208278,1,0,0:0:0:0:
64,192,208454,1,0,0:0:0:0:
320,192,208454,1,0,0:0:0:0:
192,192,208631,1,0,0:0:0:0:
64,192,208631,1,0,0:0:0:0:
64,192,208807,1,0,0:0:0:0:
320,192,208807,1,0,0:0:0:0:
192,192,208984,128,0,209337:0:0:0:0:
320,192,208984,128,0,209337:0:0:0:0:
448,192,209337,1,0,0:0:0:0:
64,192,209337,128,0,209513:0:0:0:0:
192,192,209513,128,0,209690:0:0:0:0:
320,192,209690,1,0,0:0:0:0:
64,192,209690,1,0,0:0:0:0:
448,192,209866,128,0,210042:0:0:0:0:
320,192,210042,128,0,210219:0:0:0:0:
192,192,210042,1,0,0:0:0:0:
64,192,210042,1,0,0:0:0:0:
192,192,210219,128,0,210395:0:0:0:0:
448,192,210395,1,0,0:0:0:0:
320,192,210395,1,0,0:0:0:0:
320,192,210572,1,0,0:0:0:0:
192,192,210748,1,0,0:0:0:0:
64,192,210748,1,0,0:0:0:0:
448,192,210748,1,0,0:0:0:0:
64,192,210925,128,0,211278:0:0:0:0:
320,192,211101,1,0,0:0:0:0:
448,192,211101,1,0,0:0:0:0:
192,192,211278,128,0,211454:0:0:0:0:
320,192,211454,128,0,211631:0:0:0:0:
448,192,211454,1,0,0:0:0:0:
64,192,211454,1,0,0:0:0:0:
448,192,211631,128,0,211807:0:0:0:0:
320,192,211807,128,0,212160:0:0:0:0:
192,192,211807,1,0,0:0:0:0:
64,192,211984,1,0,0:0:0:0:
448,192,212160,128,0,212337:0:0:0:0:
192,192,212160,1,0,0:0:0:0:
64,192,212160,1,0,0:0:0:0:
320,192,212337,128,0,212690:0:0:0:0:
448,192,212513,1,0,0:0:0:0:
64,192,212513,1,0,0:0:0:0:
192,192,212690,128,0,212866:0:0:0:0:
64,192,212866,128,0,213042:0:0:0:0:
320,192,212866,1,0,0:0:0:0:
448,192,212866,1,0,0:0:0:0:
192,192,213042,128,0,213219:0:0:0:0:
320,192,213219,1,0,0:0:0:0:
64,192,213219,1,0,0:0:0:0:
192,192,213395,128,0,214631:0:0:0:0:
448,192,213395,1,0,0:0:0:0:
320,192,213484,1,0,0:0:0:0:
64,192,213572,1,0,0:0:0:0:
448,192,213660,1,0,0:0:0:0:
320,192,213748,1,0,0:0:0:0:
64,192,213837,1,0,0:0:0:0:
448,192,213925,1,0,0:0:0:0:
320,192,213925,1,0,0:0:0:0:
64,192,214013,1,0,0:0:0:0:
320,192,214101,1,0,0:0:0:0:
448,192,214190,1,0,0:0:0:0:
64,192,214278,1,0,0:0:0:0:
320,192,214366,1,0,0:0:0:0:
448,192,214454,1,0,0:0:0:0:
64,192,214542,1,0,0:0:0:0:
448,192,214631,128,0,214984:0:0:0:0:
320,192,214631,1,0,0:0:0:0:
192,192,214807,1,0,0:0:0:0:
320,192,214984,1,0,0:0:0:0:
192,192,214984,1,0,0:0:0:0:
64,192,214984,1,0,0:0:0:0:
320,192,215160,128,0,215337:0:0:0:0:
64,192,215337,128,0,215513:0:0:0:0:
448,192,215337,1,0,0:0:0:0:
192,192,215513,128,0,215690:0:0:0:0:
448,192,215690,1,0,0:0:0:0:
320,192,215690,1,0,0:0:0:0:
64,192,215690,1,0,0:0:0:0:
320,192,215866,128,0,216219:0:0:0:0:
192,192,216042,1,0,0:0:0:0:
64,192,216042,1,0,0:0:0:0:
448,192,216219,128,0,216395:0:0:0:0:
320,192,216395,128,0,216572:0:0:0:0:
192,192,216395,1,0,0:0:0:0:
64,192,216395,1,0,0:0:0:0:
192,192,216572,128,0,216748:0:0:0:0:
64,192,216748,128,0,216925:0:0:0:0:
448,192,216748,1,0,0:0:0:0:
192,192,216925,128,0,217101:0:0:0:0:
320,192,217101,128,0,217278:0:0:0:0:
448,192,217101,1,0,0:0:0:0:
64,192,217101,1,0,0:0:0:0:
448,192,217278,128,0,217454:0:0:0:0:
192,192,217454,128,0,217807:0:0:0:0:
320,192,217454,1,0,0:0:0:0:
448,192,217631,1,0,0:0:0:0:
64,192,217807,128,0,217984:0:0:0:0:
448,192,217807,1,0,0:0:0:0:
320,192,217807,1,0,0:0:0:0:
192,192,217984,128,0,218337:0:0:0:0:
320,192,218160,1,0,0:0:0:0:
64,192,218160,1,0,0:0:0:0:
448,192,218337,128,0,218513:0:0:0:0:
320,192,218513,128,0,218690:0:0:0:0:
192,192,218513,1,0,0:0:0:0:
64,192,218513,1,0,0:0:0:0:
192,192,218690,128,0,218866:0:0:0:0:
64,192,218866,128,0,219219:0:0:0:0:
320,192,219042,128,0,219395:0:0:0:0:
192,192,219219,128,0,219572:0:0:0:0:
448,192,219395,128,0,219748:0:0:0:0:
64,192,219572,128,0,219925:0:0:0:0:
320,192,219748,128,0,220101:0:0:0:0:
192,192,219925,128,0,220278:0:0:0:0:
448,192,220101,128,0,220278:0:0:0:0:
320,192,220278,128,0,220631:0:0:0:0:
64,192,220278,1,0,0:0:0:0:
192,192,220454,1,0,0:0:0:0:
448,192,220631,128,0,220807:0:0:0:0:
192,192,220631,1,0,0:0:0:0:
64,192,220631,1,0,0:0:0:0:
320,192,220807,128,0,220984:0:0:0:0:
192,192,220984,1,0,0:0:0:0:
448,192,220984,1,0,0:0:0:0:
64,192,221160,128,0,221337:0:0:0:0:
192,192,221337,128,0,221513:0:0:0:0:
320,192,221337,1,0,0:0:0:0:
448,192,221337,1,0,0:0:0:0:
320,192,221513,128,0,221690:0:0:0:0:
192,192,221690,1,0,0:0:0:0:
64,192,221690,1,0,0:0:0:0:
192,192,221866,1,0,0:0:0:0:
64,192,222042,1,0,0:0:0:0:
448,192,222042,1,0,0:0:0:0:
320,192,222042,1,0,0:0:0:0:
448,192,222219,128,0,222572:0:0:0:0:
192,192,222395,1,0,0:0:0:0:
64,192,222395,1,0,0:0:0:0:
320,192,222572,128,0,222748:0:0:0:0:
192,192,222748,128,0,222925:0:0:0:0:
64,192,222748,1,0,0:0:0:0:
448,192,222748,1,0,0:0:0:0:
64,192,222925,128,0,223101:0:0:0:0:
192,192,223101,128,0,223454:0:0:0:0:
320,192,223101,1,0,0:0:0:0:
448,192,223278,1,0,0:0:0:0:
64,192,223454,128,0,223631:0:0:0:0:
448,192,223454,1,0,0:0:0:0:
320,192,223454,1,0,0:0:0:0:
192,192,223631,128,0,223984:0:0:0:0:
448,192,223807,1,0,0:0:0:0:
64,192,223807,1,0,0:0:0:0:
320,192,223984,128,0,224160:0:0:0:0:
448,192,224160,128,0,224337:0:0:0:0:
192,192,224160,1,0,0:0:0:0:
64,192,224160,1,0,0:0:0:0:
320,192,224337,128,0,224513:0:0:0:0:
192,192,224513,1,0,0:0:0:0:
448,192,224513,1,0,0:0:0:0:
320,192,224690,128,0,225925:0:0:0:0:
64,192,224690,1,0,0:0:0:0:
192,192,224778,1,0,0:0:0:0:
448,192,224866,1,0,0:0:0:0:
64,192,224954,1,0,0:0:0:0:
192,192,225042,1,0,0:0:0:0:
448,192,225131,1,0,0:0:0:0:
64,192,225219,1,0,0:0:0:0:
192,192,225219,1,0,0:0:0:0:
448,192,225307,1,0,0:0:0:0:
192,192,225395,1,0,0:0:0:0:
64,192,225484,1,0,0:0:0:0:
448,192,225572,1,0,0:0:0:0:
192,192,225660,1,0,0:0:0:0:
64,192,225748,1,0,0:0:0:0:
448,192,225837,1,0,0:0:0:0:
192,192,225925,1,0,0:0:0:0:
64,192,225925,128,0,226278:0:0:0:0:
320,192,226101,1,0,0:0:0:0:
192,192,226278,1,0,0:0:0:0:
320,192,226278,1,0,0:0:0:0:
448,192,226278,1,0,0:0:0:0:
192,192,226454,128,0,226631:0:0:0:0:
448,192,226631,128,0,226807:0:0:0:0:
64,192,226631,1,0,0:0:0:0:
320,192,226807,128,0,226984:0:0:0:0:
192,192,226984,1,0,0:0:0:0:
64,192,226984,1,0,0:0:0:0:
448,192,226984,1,0,0:0:0:0:
192,192,227160,128,0,227513:0:0:0:0:
320,192,227337,1,0,0:0:0:0:
448,192,227337,1,0,0:0:0:0:
64,192,227513,128,0,227690:0:0:0:0:
192,192,227690,128,0,227866:0:0:0:0:
320,192,227690,1,0,0:0:0:0:
448,192,227690,1,0,0:0:0:0:
320,192,227866,128,0,228042:0:0:0:0:
448,192,228042,128,0,228219:0:0:0:0:
192,192,228042,1,0,0:0:0:0:
320,192,228219,128,0,228395:0:0:0:0:
192,192,228395,128,0,228572:0:0:0:0:
64,192,228395,1,0,0:0:0:0:
448,192,228395,1,0,0:0:0:0:
64,192,228572,128,0,228748:0:0:0:0:
320,192,228748,128,0,229101:0:0:0:0:
192,192,228748,1,0,0:0:0:0:
64,192,228925,1,0,0:0:0:0:
448,192,229101,128,0,229278:0:0:0:0:
192,192,229101,1,0,0:0:0:0:
64,192,229101,1,0,0:0:0:0:
320,192,229278,128,0,229631:0:0:0:0:
192,192,229454,1,0,0:0:0:0:
448,192,229454,1,0,0:0:0:0:
64,192,229631,128,0,229807:0:0:0:0:
192,192,229807,128,0,229984:0:0:0:0:
320,192,229807,1,0,0:0:0:0:
448,192,229807,1,0,0:0:0:0:
320,192,229984,128,0,230160:0:0:0:0:
448,192,230160,128,0,230513:0:0:0:0:
192,192,230337,128,0,230690:0:0:0:0:
320,192,230513,128,0,230866:0:0:0:0:
64,192,230690,128,0,231042:0:0:0:0:
448,192,230778,128,0,231219:0:0:0:0:
192,192,231042,128,0,231395:0:0:0:0:
320,192,231219,128,0,231572:0:0:0:0:
64,192,231395,128,0,231572:0:0:0:0:
448,192,231572,1,0,0:0:0:0:
192,192,231572,1,0,0:0:0:0:
64,192,231660,1,0,0:0:0:0:
192,192,231748,1,0,0:0:0:0:
320,192,231837,1,0,0:0:0:0:
448,192,231925,1,0,0:0:0:0:
192,192,231925,1,0,0:0:0:0:
64,192,231925,1,0,0:0:0:0:
320,192,232013,1,0,0:0:0:0:
64,192,232101,1,0,0:0:0:0:
192,192,232190,1,0,0:0:0:0:
320,192,232278,1,0,0:0:0:0:
448,192,232278,1,0,0:0:0:0:
192,192,232366,1,0,0:0:0:0:
64,192,232454,1,0,0:0:0:0:
448,192,232542,1,0,0:0:0:0:
192,192,232631,1,0,0:0:0:0:
320,192,232631,1,0,0:0:0:0:
64,192,232631,1,0,0:0:0:0:
448,192,232719,1,0,0:0:0:0:
320,192,232807,1,0,0:0:0:0:
192,192,232895,1,0,0:0:0:0:
320,192,232984,1,0,0:0:0:0:
64,192,232984,1,0,0:0:0:0:
192,192,233072,1,0,0:0:0:0:
320,192,233160,1,0,0:0:0:0:
448,192,233248,1,0,0:0:0:0:
320,192,233337,1,0,0:0:0:0:
192,192,233337,1,0,0:0:0:0:
64,192,233337,1,0,0:0:0:0:
448,192,233425,1,0,0:0:0:0:
64,192,233513,1,0,0:0:0:0:
192,192,233601,1,0,0:0:0:0:
320,192,233690,1,0,0:0:0:0:
64,192,233690,1,0,0:0:0:0:
448,192,233778,1,0,0:0:0:0:
320,192,233866,1,0,0:0:0:0:
64,192,233954,1,0,0:0:0:0:
192,192,234042,1,0,0:0:0:0:
320,192,234042,1,0,0:0:0:0:
448,192,234042,1,0,0:0:0:0:
64,192,234131,1,0,0:0:0:0:
320,192,234219,1,0,0:0:0:0:
192,192,234307,1,0,0:0:0:0:
64,192,234395,1,0,0:0:0:0:
448,192,234395,1,0,0:0:0:0:
320,192,234484,1,0,0:0:0:0:
192,192,234572,1,0,0:0:0:0:
320,192,234660,1,0,0:0:0:0:
448,192,234748,1,0,0:0:0:0:
192,192,234748,1,0,0:0:0:0:
64,192,234748,1,0,0:0:0:0:
320,192,234837,1,0,0:0:0:0:
64,192,234925,1,0,0:0:0:0:
192,192,235013,1,0,0:0:0:0:
448,192,235101,1,0,0:0:0:0:
320,192,235101,1,0,0:0:0:0:
192,192,235190,1,0,0:0:0:0:
320,192,235278,1,0,0:0:0:0:
448,192,235366,1,0,0:0:0:0:
192,192,235454,1,0,0:0:0:0:
320,192,235454,1,0,0:0:0:0:
64,192,235454,1,0,0:0:0:0:
448,192,235542,1,0,0:0:0:0:
320,192,235631,1,0,0:0:0:0:
64,192,235719,1,0,0:0:0:0:
192,192,235807,1,0,0:0:0:0:
448,192,235807,1,0,0:0:0:0:
320,192,235895,1,0,0:0:0:0:
192,192,235984,1,0,0:0:0:0:
64,192,236072,1,0,0:0:0:0:
320,192,236160,1,0,0:0:0:0:
192,192,236160,1,0,0:0:0:0:
448,192,236160,1,0,0:0:0:0:
64,192,236248,1,0,0:0:0:0:
448,192,236337,1,0,0:0:0:0:
320,192,236425,1,0,0:0:0:0:
448,192,236513,1,0,0:0:0:0:
192,192,236513,1,0,0:0:0:0:
64,192,236601,1,0,0:0:0:0:
192,192,236690,1,0,0:0:0:0:
320,192,236778,1,0,0:0:0:0:
448,192,236866,1,0,0:0:0:0:
192,192,236866,1,0,0:0:0:0:
64,192,236866,1,0,0:0:0:0:
320,192,236954,1,0,0:0:0:0:
448,192,237042,1,0,0:0:0:0:
64,192,237131,1,0,0:0:0:0:
192,192,237219,1,0,0:0:0:0:
448,192,237219,1,0,0:0:0:0:
320,192,237307,1,0,0:0:0:0:
192,192,237395,1,0,0:0:0:0:
64,192,237484,1,0,0:0:0:0:
320,192,237572,1,0,0:0:0:0:
192,192,237572,1,0,0:0:0:0:
448,192,237572,1,0,0:0:0:0:
64,192,237660,1,0,0:0:0:0:
448,192,237748,1,0,0:0:0:0:
320,192,237837,1,0,0:0:0:0:
64,192,237925,1,0,0:0:0:0:
192,192,237925,1,0,0:0:0:0:
320,192,238013,1,0,0:0:0:0:
192,192,238101,1,0,0:0:0:0:
64,192,238190,1,0,0:0:0:0:
192,192,238278,1,0,0:0:0:0:
320,192,238278,1,0,0:0:0:0:
448,192,238278,1,0,0:0:0:0:
64,192,238366,1,0,0:0:0:0:
320,192,238454,1,0,0:0:0:0:
448,192,238542,1,0,0:0:0:0:
64,192,238631,1,0,0:0:0:0:
320,192,238631,1,0,0:0:0:0:
192,192,238719,1,0,0:0:0:0:
320,192,238807,1,0,0:0:0:0:
192,192,238895,1,0,0:0:0:0:
64,192,238984,1,0,0:0:0:0:
320,192,238984,1,0,0:0:0:0:
448,192,238984,1,0,0:0:0:0:
192,192,239072,1,0,0:0:0:0:
320,192,239160,1,0,0:0:0:0:
448,192,239248,1,0,0:0:0:0:
320,192,239337,1,0,0:0:0:0:
64,192,239337,1,0,0:0:0:0:
192,192,239425,1,0,0:0:0:0:
320,192,239513,1,0,0:0:0:0:
448,192,239601,1,0,0:0:0:0:
320,192,239690,1,0,0:0:0:0:
64,192,239690,1,0,0:0:0:0:
192,192,239690,1,0,0:0:0:0:
448,192,239778,1,0,0:0:0:0:
192,192,239866,1,0,0:0:0:0:
64,192,239954,1,0,0:0:0:0:
192,192,240042,1,0,0:0:0:0:
448,192,240042,1,0,0:0:0:0:
320,192,240131,1,0,0:0:0:0:
192,192,240219,1,0,0:0:0:0:
64,192,240307,1,0,0:0:0:0:
448,192,240395,1,0,0:0:0:0:
320,192,240395,1,0,0:0:0:0:
192,192,240395,1,0,0:0:0:0:
64,192,240484,1,0,0:0:0:0:
192,192,240572,1,0,0:0:0:0:
448,192,240660,1,0,0:0:0:0:
192,192,240748,1,0,0:0:0:0:
320,192,240748,1,0,0:0:0:0:
64,192,240837,1,0,0:0:0:0:
448,192,240925,1,0,0:0:0:0:
320,192,241013,1,0,0:0:0:0:
448,192,241101,1,0,0:0:0:0:
64,192,241101,1,0,0:0:0:0:
192,192,241101,1,0,0:0:0:0:
320,192,241190,1,0,0:0:0:0:
192,192,241278,1,0,0:0:0:0:
320,192,241366,1,0,0:0:0:0:
448,192,241454,128,0,241807:0:0:0:0:
192,192,241631,128,0,241984:0:0:0:0:
320,192,241807,128,0,242160:0:0:0:0:
64,192,241984,128,0,242337:0:0:0:0:
448,192,242160,128,0,242513:0:0:0:0:
192,192,242337,128,0,242690:0:0:0:0:
320,192,242513,128,0,242866:0:0:0:0:
64,192,242690,128,0,242866:0:0:0:0:
448,192,242866,128,0,243131:0:0:0:0:
192,192,242866,1,0,0:0:0:0:
320,192,243219,128,0,243484:0:0:0:0:
192,192,243219,1,0,0:0:0:0:
64,192,243219,1,0,0:0:0:0:
448,192,243572,128,0,243837:0:0:0:0:
192,192,243572,1,0,0:0:0:0:
320,192,243925,128,0,244190:0:0:0:0:
192,192,243925,1,0,0:0:0:0:
64,192,243925,1,0,0:0:0:0:
64,192,244278,128,0,244542:0:0:0:0:
448,192,244278,1,0,0:0:0:0:
192,192,244631,128,0,244895:0:0:0:0:
320,192,244631,1,0,0:0:0:0:
448,192,244631,1,0,0:0:0:0:
64,192,244984,128,0,245248:0:0:0:0:
448,192,244984,1,0,0:0:0:0:
192,192,245337,128,0,245601:0:0:0:0:
320,192,245337,1,0,0:0:0:0:
448,192,245337,1,0,0:0:0:0:
448,192,245690,128,0,245954:0:0:0:0:
320,192,245690,1,0,0:0:0:0:
192,192,246042,128,0,246307:0:0:0:0:
64,192,246042,1,0,0:0:0:0:
320,192,246042,1,0,0:0:0:0:
448,192,246395,128,0,246660:0:0:0:0:
320,192,246395,1,0,0:0:0:0:
192,192,246748,128,0,247013:0:0:0:0:
320,192,246748,1,0,0:0:0:0:
64,192,246748,1,0,0:0:0:0:
64,192,247101,128,0,247366:0:0:0:0:
192,192,247101,1,0,0:0:0:0:
320,192,247454,128,0,247719:0:0:0:0:
192,192,247454,1,0,0:0:0:0:
448,192,247454,1,0,0:0:0:0:
64,192,247807,128,0,248072:0:0:0:0:
192,192,247807,1,0,0:0:0:0:
320,192,248160,128,0,248425:0:0:0:0:
192,192,248160,1,0,0:0:0:0:
448,192,248160,1,0,0:0:0:0:
192,192,248513,128,0,248778:0:0:0:0:
448,192,248513,1,0,0:0:0:0:
320,192,248866,128,0,249131:0:0:0:0:
64,192,248866,1,0,0:0:0:0:
448,192,248866,1,0,0:0:0:0:
192,192,249219,128,0,249484:0:0:0:0:
448,192,249219,1,0,0:0:0:0:
320,192,249572,128,0,249837:0:0:0:0:
64,192,249572,1,0,0:0:0:0:
448,192,249572,1,0,0:0:0:0:
448,192,249925,128,0,250190:0:0:0:0:
320,192,249925,1,0,0:0:0:0:
64,192,250278,128,0,250542:0:0:0:0:
192,192,250278,1,0,0:0:0:0:
320,192,250278,1,0,0:0:0:0:
448,192,250631,128,0,250895:0:0:0:0:
320,192,250631,1,0,0:0:0:0:
64,192,250984,128,0,251248:0:0:0:0:
192,192,250984,1,0,0:0:0:0:
320,192,250984,1,0,0:0:0:0:
448,192,251337,128,0,251601:0:0:0:0:
320,192,251337,1,0,0:0:0:0:
320,192,251690,128,0,251954:0:0:0:0:
192,192,251690,1,0,0:0:0:0:
64,192,251690,1,0,0:0:0:0:
64,192,252042,128,0,252307:0:0:0:0:
192,192,252042,1,0,0:0:0:0:
192,192,252395,128,0,252660:0:0:0:0:
320,192,252395,1,0,0:0:0:0:
448,192,252395,1,0,0:0:0:0:
64,192,252748,128,0,253013:0:0:0:0:
192,192,253101,128,0,253366:0:0:0:0:
64,192,253101,128,0,253366:0:0:0:0:
64,192,253454,128,0,253719:0:0:0:0:
192,192,253454,128,0,253719:0:0:0:0:
320,192,253454,128,0,253719:0:0:0:0:
448,192,253807,128,0,254072:0:0:0:0:
320,192,253807,128,0,254072:0:0:0:0:
192,192,253807,128,0,254072:0:0:0:0:
64,192,253807,128,0,254072:0:0:0:0:
64,192,254160,128,0,256984:0:0:0:0:
448,192,254160,128,0,256984:0:0:0:0:
